examples/data/geospatial/fine_topo.asc
NCOLS 180
NROWS 100
XLLCENTER 500.
YLLCENTER 500.
CELLSIZE 1000.
NODATA_VALUE 1.e30
[rows 0 to 26 of 100, columns 0 to 59 of 180]
1e+30 1e+30 1e+30 1e+30 1e+30 1e+30 1e+30 1e+30 1e+30 1e+30 1e+30 1e+30 1e+30 1e+30 1e+30 1e+30 1e+30 1e+30 1e+30 1e+30 1e+30 1e+30 1e+30 1e+30 1e+30 1e+30 1e+30 1e+30 1e+30 1e+30 1e+30 1e+30 1e+30 1e+30 1e+30 1e+30 1e+30 1e+30 1e+30 1e+30 1e+30 1e+30 1e+30 1e+30 1e+30 1e+30 1e+30 1e+30 1e+30 1e+30 1e+30 1e+30 1e+30 1e+30 1e+30 1e+30 1e+30 1e+30 1e+30 1e+30
1e+30 1e+30 1e+30 1e+30 1e+30 1e+30 1e+30 1e+30 1e+30 1e+30 1e+30 1e+30 1e+30 1e+30 1e+30 1e+30 1e+30 1e+30 1e+30 1e+30 1e+30 1e+30 1e+30 1e+30 1e+30 1e+30 1e+30 1e+30 1e+30 1e+30 1e+30 1e+30 1e+30 1e+30 1e+30 1e+30 1e+30 1e+30 1e+30 1e+30 1e+30 1e+30 1e+30 1e+30 1e+30 1e+30 1e+30 1e+30 1e+30 1e+30 1e+30 1e+30 1e+30 1e+30 1e+30 1e+30 1e+30 1e+30 1e+30 1e+30
1e+30 1e+30 1e+30 1e+30 1e+30 1e+30 1e+30 1e+30 1e+30 1e+30 1e+30 1e+30 1e+30 1e+30 1e+30 1e+30 1e+30 1e+30 1e+30 1e+30 1e+30 1e+30 1e+30 1e+30 1e+30 1e+30 1e+30 1e+30 1e+30 1e+30 1e+30 1e+30 1e+30 1e+30 1e+30 1e+30 1e+30 1e+30 1e+30 1e+30 1e+30 1e+30 1e+30 1e+30 1e+30 1e+30 1e+30 1e+30 1e+30 1e+30 97.708946 97.525152 97.26135 96.952599 96.613214 96.250769 95.871018 95.480611 95.090607 94.724877
1e+30 1e+30 1e+30 1e+30 1e+30 1e+30 1e+30 1e+30 1e+30 1e+30 1e+30 1e+30 1e+30 1e+30 1e+30 1e+30 1e+30 1e+30 1e+30 1e+30 1e+30 1e+30 1e+30 1e+30 1e+30 1e+30 1e+30 1e+30 1e+30 1e+30 1e+30 1e+30 1e+30 1e+30 1e+30 1e+30 1e+30 1e+30 1e+30 1e+30 1e+30 1e+30 1e+30 99.61819 99.486476 99.293073 99.061369 98.800054 98.511921 98.195527 97.842071 97.554355 97.255251 96.931975 96.584824 96.216451 95.829881 95.42827 95.014296 94.585971
1e+30 1e+30 1e+30 1e+30 1e+30 1e+30 1e+30 1e+30 1e+30 1e+30 1e+30 1e+30 1e+30 1e+30 1e+30 1e+30 1e+30 1e+30 1e+30 1e+30 1e+30 1e+30 1e+30 1e+30 1e+30 1e+30 1e+30 1e+30 1e+30 1e+30 1e+30 1e+30 1e+30 1e+30 1e+30 1e+30 1e+30 100.70334 100.61952 100.491 100.33164 100.14677 99.937496 99.699775 99.497949 99.281006 99.040475 98.776225 98.489386 98.181628 97.858274 97.543907 97.222171 96.883913 96.526168 96.148664 95.751948 95.336282 94.900145 94.436963
1e+30 1e+30 1e+30 1e+30 1e+30 1e+30 1e+30 1e+30 1e+30 1e+30 1e+30 1e+30 1e+30 1e+30 1e+30 1e+30 1e+30 1e+30 1e+30 1e+30 1e+30 1e+30 1e+30 1e+30 1e+30 1e+30 1e+30 1e+30 1e+30 1e+30 1e+30 1e+30 1e+30 1e+30 101.02922 100.96552 100.86523 100.73717 100.6142 100.47185 100.30715 100.12118 99.915858 99.695105 99.474204 99.242109 98.992765 98.724319 98.436972 98.132385 97.814419 97.489702 97.154377 96.803949 96.435718 96.048354 95.641043 95.212642 94.760687 94.280214
1e+30 1e+30 1e+30 1e+30 1e+30 1e+30 1e+30 1e+30 1e+30 1e+30 1e+30 1e+30 1e+30 1e+30 1e+30 1e+30 1e+30 1e+30 1e+30 1e+30 1e+30 1e+30 1e+30 1e+30 1e+30 1e+30 1e+30 1e+30 1e+30 1e+30 1e+30 101.23594 101.19655 101.13008 101.04292 100.95212 100.84299 100.7159 100.57828 100.42504 100.25391 100.06495 99.859538 99.640262 99.411275 99.169989 98.913577 98.640617 98.350972 98.045566 97.726241 97.394918 97.05037 96.690319 96.31276 95.916164 95.499202 95.060309 94.597251 94.106929
1e+30 1e+30 1e+30 1e+30 1e+30 1e+30 1e+30 1e+30 1e+30 1e+30 1e+30 1e+30 1e+30 1e+30 1e+30 1e+30 1e+30 1e+30 1e+30 1e+30 1e+30 1e+30 1e+30 1e+30 1e+30 1e+30 1e+30 1e+30 1e+30 1e+30 101.25477 101.22532 101.17363 101.10078 101.01026 100.90706 100.78871 100.65514 100.508 100.3461 100.16851 99.975185 99.766879 99.544783 99.310211 99.062468 98.8003 98.522844 98.229856 97.921662 97.598929 97.262095 96.910457 96.542629 96.157093 95.752406 95.327148 94.879767 94.40845 93.911223
1e+30 1e+30 1e+30 1e+30 1e+30 1e+30 1e+30 1e+30 1e+30 1e+30 1e+30 1e+30 1e+30 1e+30 1e+30 1e+30 1e+30 1e+30 1e+30 1e+30 1e+30 1e+30 1e+30 1e+30 1e+30 1e+30 1e+30 1e+30 101.28727 101.26602 101.23422 101.18695 101.12188 101.03914 100.94028 100.82713 100.69966 100.55797 100.40247 100.23287 100.04883 99.850357 99.637693 99.41137 99.171818 98.918766 98.6516 98.369772 98.07299 97.761213 97.4345 97.092715 96.73522 96.360967 95.968715 95.557157 95.124942 94.67065 94.192795 93.689954
1e+30 1e+30 1e+30 1e+30 1e+30 1e+30 1e+30 1e+30 1e+30 1e+30 1e+30 1e+30 1e+30 1e+30 1e+30 1e+30 1e+30 1e+30 1e+30 1e+30 1e+30 1e+30 1e+30 1e+30 1e+30 1e+30 1e+30 101.26986 101.25853 101.22657 101.17915 101.11638 101.03781 100.94362 100.83458 100.71154 100.57482 100.4246 100.26104 100.08407 99.893578 99.689458 99.471764 99.240693 98.996332 98.738481 98.46675 98.180722 97.880062 97.564511 97.233814 96.887568 96.525103 96.145496 95.747648 95.330366 94.892395 94.432441 93.949213 93.441523
1e+30 1e+30 1e+30 1e+30 1e+30 1e+30 1e+30 1e+30 1e+30 1e+30 1e+30 1e+30 1e+30 1e+30 1e+30 1e+30 1e+30 1e+30 1e+30 1e+30 1e+30 1e+30 1e+30 1e+30 1e+30 101.25666 101.24454 101.23119 101.20041 101.15258 101.08942 101.0116 100.91935 100.81295 100.69289 100.55963 100.41348 100.25458 100.08303 99.898802 99.701744 99.491715 99.268703 99.032701 98.783627 98.52126 98.245264 97.955253 97.650841 97.331639 96.997216 96.647025 96.280351 95.896308 95.493869 95.071913 94.629258 94.164693 93.677023 93.165132
1e+30 1e+30 1e+30 1e+30 1e+30 1e+30 1e+30 1e+30 1e+30 1e+30 1e+30 1e+30 1e+30 1e+30 1e+30 1e+30 1e+30 1e+30 1e+30 1e+30 1e+30 1e+30 1e+30 1e+30 101.22143 101.21877 101.19578 101.15996 101.10935 101.04391 100.96436 100.87127 100.76503 100.64596 100.51439 100.37063 100.21487 100.04721 99.867692 99.67615 99.472427 99.256411 99.027992 98.78704 98.533369 98.26671 97.986717 97.692986 97.38508 97.06252 96.724769 96.371192 96.00103 95.613397 95.207295 94.781639 94.335287 93.867066 93.375809 92.860395
1e+30 1e+30 1e+30 1e+30 1e+30 1e+30 1e+30 1e+30 1e+30 1e+30 1e+30 1e+30 1e+30 1e+30 1e+30 1e+30 1e+30 1e+30 1e+30 1e+30 1e+30 1e+30 1e+30 101.17488 101.17408 101.15124 101.10985 101.0535 100.98314 100.89936 100.80284 100.6941 100.57354 100.44145 100.29809 100.14363 99.978156 99.801707 99.614085 99.415166 99.204799 98.982813 98.749017 98.503196 98.245088 97.974372 97.690664 97.393526 97.08247 96.756951 96.416359 96.059995 95.687062 95.296656 94.88778 94.459359 94.010257 93.539305 93.04532 92.527137
1e+30 1e+30 1e+30 1e+30 1e+30 1e+30 1e+30 1e+30 1e+30 1e+30 1e+30 1e+30 1e+30 1e+30 1e+30 1e+30 1e+30 1e+30 1e+30 1e+30 1e+30 1e+30 101.13024 101.12568 101.09878 101.05227 100.98888 100.91108 100.82032 100.71757 100.60354 100.47875 100.34357 100.19824 100.0429 99.877641 99.70237 99.516928 99.32118 99.114945 98.898011 98.670143 98.431086 98.180552 97.918218 97.643712 97.356606 97.056423 96.742625 96.414617 96.071732 95.713221 95.338248 94.945884 94.535116 94.104855 93.653949 93.181205 92.685398 92.165295
1e+30 1e+30 1e+30 1e+30 1e+30 1e+30 1e+30 1e+30 1e+30 1e+30 1e+30 1e+30 1e+30 1e+30 1e+30 1e+30 1e+30 1e+30 1e+30 1e+30 1e+30 101.09846 101.0848 101.04882 100.99311 100.92016 100.83233 100.73162 100.61951 100.49706 100.36499 100.22379 100.07375 99.915026 99.747621 99.571374 99.386149 99.191756 98.98797 98.774534 98.55117 98.317577 98.073438 97.818408 97.552108 97.274119 96.983974 96.681152 96.365076 96.035104 95.690523 95.330542 94.954288 94.5608 94.149034 93.717875 93.266136 92.79258 92.295925 91.774854
1e+30 1e+30 1e+30 1e+30 1e+30 1e+30 1e+30 1e+30 1e+30 1e+30 1e+30 1e+30 1e+30 1e+30 1e+30 1e+30 1e+30 1e+30 1e+30 1e+30 101.09039 101.06212 101.01169 100.94171 100.85469 100.75296 100.63864 100.51354 100.37906 100.23618 100.08558 99.927674 99.762606 99.590296 99.410611 99.223355 99.02827 98.825056 98.613391 98.392934 98.163335 97.924232 97.675249 97.41599 97.14603 96.864909 96.572121 96.26711 95.949262 95.617897 95.272262 94.911529 94.534785 94.141035 93.729199 93.298119 92.846564 92.37324 91.876791 91.355815
1e+30 1e+30 1e+30 1e+30 1e+30 1e+30 1e+30 1e+30 1e+30 1e+30 1e+30 1e+30 1e+30 1e+30 1e+30 1e+30 1e+30 1e+30 1e+30 101.11744 101.06865 100.99797 100.90812 100.80164 100.68097 100.54833 100.40574 100.25486 100.09699 99.933021 99.763491 99.588537 99.408147 99.222161 99.030295 98.83219 98.627443 98.41563 98.196323 97.969094 97.733518 97.489174 97.235634 96.972458 96.699184 96.415316 96.12032 95.813608 95.494534 95.162387 94.816381 94.455652 94.07925 93.686141 93.275202 92.84523 92.394937 91.922961 91.42787 90.908162
1e+30 1e+30 1e+30 1e+30 1e+30 1e+30 1e+30 1e+30 1e+30 1e+30 1e+30 1e+30 1e+30 1e+30 1e+30 1e+30 1e+30 1e+30 101.19244 101.11622 101.01883 100.90299 100.77117 100.62578 100.46921 100.30366 100.13112 99.953176 99.771013 99.585257 99.396241 99.204008 99.008342 98.80886 98.605066 98.396408 98.182318 97.962231 97.735605 97.50192 97.260684 97.011417 96.753649 96.486907 96.210697 95.924502 95.627762 95.319868 95.000149 94.667869 94.322213 93.962284 93.587098 93.195579 92.786561 92.358784 91.910901 91.441477 90.948992 90.431846
1e+30 1e+30 1e+30 1e+30 1e+30 1e+30 1e+30 1e+30 1e+30 1e+30 1e+30 1e+30 1e+30 1e+30 1e+30 1e+30 1e+30 101.33309 101.21866 101.08619 100.93746 100.774 100.59778 100.41111 100.21641 100.01599 99.81191 99.605584 99.398044 99.189877 98.981205 98.771785 98.561113 98.348514 98.133231 97.914481 97.691502 97.463576 97.23004 96.990287 96.743758 96.48993 96.228298 95.958367 95.679628 95.391547 95.093552 94.785021 94.465267 94.133534 93.788985 93.430694 93.057643 92.668717 92.2627 91.838277 91.394033 90.928456 90.439935 89.926767
1e+30 1e+30 1e+30 1e+30 1e+30 1e+30 1e+30 1e+30 1e+30 1e+30 1e+30 1e+30 1e+30 1e+30 1e+30 101.72914 101.59833 101.39753 101.2129 101.02244 100.82083 100.60777 100.38484 100.15447 99.919329 99.681974 99.444407 99.208298 98.974644 98.743804 98.515578 98.289348 98.064217 97.839143 97.613037 97.384845 97.153583 96.918369 96.678421 96.433049 96.18164 95.923642 95.658533 95.385809 95.104959 94.815449 94.516705 94.208101 93.888944 93.558468 93.215817 92.860042 92.490094 92.104818 91.702949 91.283113 90.843824 90.383488 89.900402 89.392755
1e+30 1e+30 1e+30 1e+30 1e+30 1e+30 1e+30 1e+30 1e+30 1e+30 1e+30 1e+30 1e+30 1e+30 101.97846 101.80995 101.61832 101.39581 101.16299 100.91983 100.66564 100.4014 100.12936 99.852585 99.574233 99.297279 99.024358 98.757297 98.497006 98.243535 97.99623 97.75395 97.515277 97.278691 97.042702 96.805932 96.567159 96.325328 96.079544 95.829053 95.573209 95.311449 95.043257 94.768139 94.485601 94.195121 93.89614 93.588038 93.270129 92.941641 92.601709 92.249368 91.883539 91.50303 91.106526 90.692591 90.259666 89.806072 89.330008 88.829555
1e+30 1e+30 1e+30 1e+30 1e+30 1e+30 1e+30 1e+30 1e+30 1e+30 1e+30 1e+30 102.49779 102.34727 102.09697 101.86387 101.61919 101.35441 101.07343 100.77824 100.47053 100.15282 99.828612 99.50182 99.176652 98.857258 98.546953 98.247838 97.960686 97.685073 97.419681 97.162634 96.911809 96.665079 96.420467 96.176227 95.930883 95.683216 95.432241 95.177164 94.917339 94.652221 94.381328 94.104202 93.820384 93.529387 93.230675 92.923653 92.607649 92.281897 91.945534 91.59758 91.236935 90.86237 90.472522 90.065891 89.640841 89.195601 88.72827 88.236818
1e+30 1e+30 1e+30 1e+30 1e+30 1e+30 1e+30 1e+30 1e+30 1e+30 1e+30 102.7667 102.59831 102.39705 102.14829 101.87938 101.59018 101.2792 100.94809 100.59918 100.23542 99.860757 99.479869 99.098161 98.721773 98.356383 98.006368 97.674222 97.360443 97.063846 96.782096 96.512268 96.251295 95.996282 95.744675 95.494331 95.243521 94.990892 94.735408 94.47628 94.212906 93.944803 93.671557 93.392775 93.108058 92.816968 92.519017 92.213643 91.9002 91.577945 91.246019 90.903442 90.549095 90.181716 89.799894 89.402061 88.986502 88.55135 88.094593 87.614086
1e+30 1e+30 1e+30 1e+30 1e+30 1e+30 1e+30 1e+30 1e+30 1e+30 103.05901 102.8851 102.6817 102.44433 102.16977 101.86517 101.53294 101.17413 100.79055 100.38496 99.961219 99.52442 99.080484 98.63741 98.20383 97.787788 97.395321 97.029431 96.690028 96.374622 96.079304 95.799638 95.5313 95.270447 95.01388 94.759052 94.504022 94.247358 93.98804 93.725354 93.458803 93.18802 92.912702 92.632559 92.347273 92.05648 91.759749 91.456569 91.146336 90.828337 90.501735 90.165554 89.818666 89.459781 89.087436 88.7 88.295665 87.872461 87.42826 86.960789
1e+30 1e+30 1e+30 1e+30 1e+30 1e+30 1e+30 1e+30 1e+30 103.35204 103.18292 102.98299 102.74906 102.47881 102.1713 101.82858 101.45231 101.04381 100.60503 100.13891 99.649929 99.143583 98.628217 98.114771 97.615597 97.142552 96.704366 96.304611 95.941904 95.611463 95.3069 95.021618 94.749659 94.486074 94.226993 93.969524 93.711601 93.451816 93.189267 92.92341 92.653937 92.380667 92.103462 91.822167 91.536576 91.246412 90.951317 90.650845 90.344447 90.031456 89.71107 89.382331 89.04411 88.695092 88.33377 87.958436 87.567188 87.157936 86.728423 86.276234
1e+30 1e+30 1e+30 1e+30 1e+30 1e+30 1e+30 1e+30 103.61626 103.47117 103.28763 103.06488 102.80273 102.50056 102.15802 101.77557 101.35388 100.8938 100.39684 99.865723 99.304575 98.719536 98.12132 97.524678 96.94762 96.408487 95.920742 95.488314 95.106952 94.767772 94.460487 94.175481 93.904781 93.642263 93.383478 93.125344 92.865836 92.60373 92.338383 92.069552 91.797226 91.521496 91.242449 90.960107 90.674389 90.385117 90.092017 89.794717 89.492744 89.185493 88.872213 88.551979 88.223674 87.885969 87.53731 87.175909 86.799755 86.406622 85.994098 85.559609
1e+30 1e+30 1e+30 1e+30 1e+30 1e+30 1e+30 1e+30 103.71135 103.57875 103.38157 103.13618 102.84642 102.5127 102.13464 101.7118 101.24385 100.73067 100.17279 99.571999 98.930762 98.255718 97.559273 96.86081 96.186987 95.567899 95.026411 94.565432 94.174249 93.836601 93.536202 93.259437 92.996094 92.739047 92.48358 92.226727 91.966766 91.702875 91.434866 91.162955 90.88757 90.609179 90.328163 90.044747 89.758986 89.470792 89.179975 88.886251 88.589238 88.28842 87.983119 87.672463 87.355363 87.030487 86.696238 86.350743 85.991858 85.617196 85.22416 84.809983
