examples/data/geospatial/fine_topo.asc
NCOLS 180
NROWS 100
XLLCENTER 500.
YLLCENTER 500.
CELLSIZE 1000.
NODATA_VALUE 1.e30
[rows 54 to 80 of 100, columns 120 to 179 of 180]
33.888889 33.333333 32.777778 32.378148 31.866357 31.31613 30.749909 30.175716 29.597392 29.01752 28.437287 27.853822 27.269602 26.698886 26.111111 25.555556 25 25.327989 25.147259 24.782359 24.331761 23.824242 23.256125 22.584587 21.6645 20 19.444444 18.888889 18.333333 17.777778 17.222222 16.666667 16.111111 15.555556 15 14.444444 13.888889 13.333333 12.777778 12.222222 11.666667 11.111111 10.555556 11.342219 11.309385 11.052446 10.811341 10.863535 10.776506 10.597107 10.418653 10.316155 10.200221 10.065375 9.9296318 9.7806971 9.6214899 9.4694285 9.3478458 9.2793857
35.489633 34.543056 32.777778 32.222222 31.666667 31.111111 30.555556 30 29.444444 28.888889 28.333333 27.777778 27.222222 26.666667 26.111111 25.555556 25 24.444444 23.888889 23.333333 22.777778 22.222222 21.666667 21.111111 20.555556 20 20.930254 20.905862 20.572328 20.122389 19.620826 19.092289 18.547181 17.990093 17.422784 16.845185 16.255437 15.649011 15.016048 14.333847 13.543923 12.474708 10.555556 10 9.4444444 8.8888889 8.3333333 9.0145781 8.9605756 8.7069277 8.4779129 8.5475249 8.5038614 8.4014925 8.3264995 8.2076155 8.0451721 7.8698036 7.7186361 7.6284533
37.271131 36.463094 35.466527 34.765447 34.162096 33.595271 33.043706 32.499065 31.957689 31.417818 30.878546 30.339392 29.800106 29.260582 28.720815 28.180887 27.640979 27.101397 26.562641 26.025533 25.491473 24.963012 24.445189 23.949077 23.502227 23.18291 23.243758 23.109114 22.802612 22.390851 21.916641 21.403322 20.863125 20.302162 19.722901 19.125149 18.506082 17.859332 17.172691 16.423468 15.570725 14.550847 13.335337 12.420349 11.513728 10.361433 8.3333333 7.7777778 7.2222222 6.6666667 6.1111111 6.7712266 6.7475045 6.592347 6.6511664 6.5626773 6.3659821 6.1292654 5.9107519 5.7690258
39.127088 38.464253 37.74047 37.092895 36.50291 35.945564 35.405556 34.874565 34.348124 33.82379 33.300205 32.77661 32.252607 31.728026 31.202869 30.677292 30.15162 29.626394 29.102472 28.581218 28.064841 27.557058 27.064362 26.598486 26.180691 25.846042 25.625583 25.361633 25.016061 24.598841 24.1276 23.616354 23.07423 22.506403 21.915041 21.299784 20.657727 19.982888 19.265179 18.489239 17.634971 16.686428 15.66542 14.690106 13.689198 12.563213 11.262664 10.304006 9.3672798 8.1844882 6.1111111 5.5555556 5 4.4444444 5.0030603 4.9066374 4.6059245 4.2472248 3.9003489 3.6404473
40.983392 40.42325 39.830101 39.252726 38.699916 38.166395 37.645334 37.131517 36.621487 36.113073 35.604949 35.096333 34.586802 34.076185 33.564514 33.052002 32.539066 32.02638 31.514972 31.006399 30.503028 30.008486 29.528327 29.070828 28.647161 28.268022 27.928689 27.576323 27.182667 26.742323 26.259594 25.740746 25.190992 24.613672 24.010177 23.379983 22.72059 22.027335 21.293246 20.50942 19.667171 18.764071 17.814411 16.849323 15.851834 14.795196 13.691983 12.659031 11.612838 10.440483 9.0738134 7.9944501 6.7218942 4.4444444 3.8888889 3.3333333 2.7777778 2.2222222 1.6666667 1.1111111
42.804833 42.316288 41.802117 41.284154 40.772365 40.268355 39.770438 39.27629 38.78391 38.291824 37.799038 37.304929 36.809155 36.311602 35.812341 35.311628 34.809921 34.307927 33.806678 33.30765 32.812935 32.325442 31.849071 31.388618 30.948799 30.531182 30.127951 29.717027 29.28148 28.813902 28.313257 27.781263 27.220138 26.631519 26.015995 25.372922 24.700347 23.995002 23.252514 22.468107 21.638263 20.763541 19.851089 18.911011 17.941036 16.936958 15.909141 14.885076 13.840685 12.739927 11.582695 10.466562 9.2785578 7.9515061 7.1070091 6.4456588 5.8767371 5.3765177 4.9542408 4.6611902
44.575734 44.139651 43.680655 43.210469 42.736727 42.262764 41.789296 41.315876 40.841726 40.366104 39.888441 39.408358 38.925657 38.440308 37.952432 37.46231 36.970397 36.477359 35.984117 35.491917 35.002391 34.517595 34.039929 33.571776 33.114574 32.667061 32.223079 31.771428 31.30193 30.808339 30.287994 29.740399 29.165942 28.565045 27.937694 27.283198 26.600113 25.886305 25.139212 24.356438 23.536729 22.68115 21.793528 20.878515 19.937768 18.972875 17.989807 16.996469 15.98701 14.952954 13.9007 12.857014 11.811149 10.792307 9.9656622 9.2914212 8.7324617 8.2758266 7.9311712 7.7317654
46.28936 45.893883 45.476864 45.045459 44.605223 44.15952 43.709981 43.257177 42.801157 42.341768 41.87883 41.412218 40.941892 40.467912 39.990449 39.509793 39.026365 38.540747 38.053694 37.566165 37.07932 36.594467 36.11291 35.635589 35.162463 34.69163 34.218641 33.736922 33.24003 32.723192 32.183571 31.619787 31.031273 30.417738 29.778804 29.113805 28.42172 27.70124 26.95099 26.169918 25.357832 24.515882 23.646589 22.753027 21.837792 20.90375 19.955065 18.995907 18.027046 17.049641 16.071256 15.106544 14.167825 13.28519 12.515628 11.865611 11.329012 10.905028 10.602959 10.441581
47.943178 47.580546 47.197183 46.797884 46.386746 45.966716 45.539648 45.106588 44.66807 44.224348 43.775548 43.321756 42.863074 42.399647 41.931683 41.459466 40.983371 40.503871 40.021545 39.537076 39.051213 38.564698 38.07811 37.591599 37.104514 36.615005 36.11983 35.614719 35.095338 34.558105 34.000483 33.420868 32.818294 32.192128 31.541832 30.866822 30.166419 29.439902 28.686656 27.90642 27.099567 26.26732 25.41173 24.535365 23.640983 22.731702 21.811208 20.883341 19.951565 19.020527 18.098333 17.197147 16.332079 15.525543 14.805311 14.185118 13.671256 13.270089 12.991246 12.846851
49.536711 49.201488 48.846038 48.473812 48.087928 47.690869 47.28443 46.869826 46.447841 46.018978 45.583569 45.141863 44.694068 44.240395 43.781076 43.316379 42.846622 42.372171 41.893441 41.410874 40.9249 40.435862 39.943888 39.448719 38.949498 38.444594 37.931579 37.407468 36.86919 36.314032 35.739866 35.145159 34.528855 33.890221 33.228705 32.543847 31.835246 31.102601 30.345805 29.565088 28.761173 27.935381 27.089624 26.226295 25.348152 24.458361 23.560549 22.65876 21.75755 20.862748 19.982467 19.127577 18.311717 17.551858 16.866328 16.269306 15.771693 15.38368 15.115939 14.978651
51.070508 50.758635 50.42685 50.077789 49.713903 49.337274 48.94954 48.551927 48.145321 47.730354 47.307489 46.877074 46.439394 45.9947 45.543235 45.085243 44.620981 44.150718 43.674724 43.193253 42.706497 42.214528 41.717208 41.214078 40.704244 40.186312 39.658402 39.11831 38.563764 37.992678 37.403309 36.794311 36.164699 35.513777 34.841067 34.146256 33.429185 32.689865 31.928543 31.145783 30.342551 29.520276 28.680855 27.82662 26.960305 26.085069 25.204535 24.322865 23.444937 22.576778 21.726065 20.902451 20.117639 19.385264 18.719851 18.13507 17.643739 17.258559 16.992106 16.855393
52.545613 52.25389 51.942463 51.613436 51.268799 50.910306 50.539417 50.157296 49.764842 49.36274 48.951515 48.531573 48.103238 47.666782 47.222443 46.770436 46.310961 45.844198 45.370301 44.889376 44.401444 43.906403 43.403958 42.893561 42.374352 41.845135 41.304411 40.750482 40.181605 39.596145 38.992692 38.370115 37.727566 37.064459 36.380439 35.675355 34.949256 34.202406 33.435319 32.648801 31.844007 31.022467 30.186104 29.337231 28.478547 27.613165 26.744651 25.877106 25.015327 24.165049 23.333245 22.528335 21.760278 21.040502 20.381519 19.796472 19.29928 18.905044 18.629528 18.486907
53.963284 53.689087 53.395335 53.083768 52.75604 52.413646 52.057874 51.689792 51.310267 50.919985 50.519487 50.109198 49.689459 49.26054 48.822664 48.376013 47.920731 47.456923 46.98465 46.503903 46.014586 45.516479 45.009201 44.49217 43.964579 43.42539 42.87337 42.307162 41.725385 41.126735 40.51007 39.874465 39.219231 38.543921 37.848322 37.13245 36.396548 35.641093 34.866815 34.074718 33.266109 32.442613 31.606186 30.75913 29.904097 29.044117 28.182629 27.323539 26.471323 25.631172 24.809174 24.012483 23.249449 22.529723 21.864307 21.265668 20.748364 20.330315 20.032523 19.874968
55.324841 55.065952 54.787635 54.491364 54.178539 53.850445 53.508213 53.15281 52.785039 52.405558 52.014894 51.613466 51.201606 50.779571 50.347559 49.905713 49.454129 48.992847 48.521848 48.041041 47.550245 47.049162 46.537361 46.014253 45.47908 44.930926 44.368744 43.791411 43.197797 42.586838 41.957604 41.309347 40.641531 39.953853 39.24625 38.518901 37.772234 37.006919 36.223881 35.424298 34.609611 33.781527 32.942038 32.093424 31.238281 30.379531 29.52044 28.664635 27.81614 26.979451 26.159647 25.362519 24.594763 23.864257 23.180408 22.554409 22.00018 21.538636 21.199874 21.011077
56.631579 56.386089 56.1213 55.838474 55.538816 55.223436 54.893325 54.549345 54.19223 53.822585 53.440906 53.047587 52.642935 52.227183 51.800497 51.362981 50.914682 50.455585 49.985609 49.504596 49.012301 48.508376 47.992358 47.463656 46.921557 46.365228 45.793752 45.206162 44.601502 43.978879 43.337519 42.676817 41.99637 41.29601 40.575818 39.836136 39.077569 38.300982 37.507488 36.698433 35.875385 35.040132 34.194687 33.341303 32.482506 31.621106 30.760191 29.903084 29.053302 28.214563 27.390833 26.586393 25.806057 25.055629 24.342712 23.676314 23.065518 22.53202 22.126713 21.869368
57.884721 57.650972 57.398061 57.127084 56.839082 56.535016 56.215755 55.882061 55.534587 55.173884 54.800398 54.414487 54.016425 53.606411 53.184574 52.750979 52.305625 51.848449 51.379316 50.898016 50.404255 49.897646 49.377703 48.843836 48.295358 47.731492 47.151403 46.554227 45.939118 45.305293 44.652088 43.979 43.285732 42.57223 41.838707 41.085666 40.313895 39.524464 38.718686 37.898089 37.064377 36.219413 35.365217 34.503998 33.638201 32.770543 31.903982 31.041591 30.186386 29.341283 28.509083 27.692389 26.893707 26.116026 25.36557 24.650492 23.962726 23.308355 22.818443 22.385527
59.085405 58.861943 58.619476 58.358958 58.081289 57.787305 57.477762 57.153327 56.814576 56.461994 56.095977 55.716835 55.324803 54.920038 54.502632 54.072608 53.629922 53.174464 52.706054 52.224437 51.72928 51.220162 50.696578 50.157932 49.603548 49.032681 48.444539 47.838312 47.213214 46.568524 45.903634 45.218101 44.511698 43.784455 43.036703 42.2691 41.482636 40.678607 39.858568 39.024262 38.177552 37.320374 36.454737 35.582757 34.706772 33.829447 32.953742 32.08265 31.21875 30.364168 29.520658 28.689053 27.869024 27.05807 26.26237 25.50714 24.737212 23.833421 23.367342 1e+30
60.234666 60.020217 59.786941 59.535666 59.267174 58.982187 58.681358 58.365267 58.034412 57.689213 57.330008 56.95706 56.570555 56.170611 55.757276 55.33053 54.890289 54.436401 53.968643 53.486722 52.990268 52.478832 51.951886 51.408822 50.848962 50.271566 49.675854 49.061032 48.426328 47.771029 47.094536 46.396418 45.676467 44.934761 44.171724 43.388166 42.585297 41.764696 40.928228 40.077919 39.215832 38.343992 37.464352 36.578837 35.689578 34.79923 33.911013 33.028288 32.153243 31.287131 30.431223 29.584822 28.745784 27.895458 27.029818 26.289384 25.55527 1e+30 1e+30 1e+30
61.333444 61.126889 60.901708 60.658616 60.398288 60.121343 59.828343 59.519783 59.196089 58.857614 58.504639 58.137373 57.755956 57.36046 56.950889 56.527183 56.089217 55.636797 55.169664 54.687487 54.189863 53.676316 53.146291 52.599162 52.034234 51.450753 50.847924 50.22493 49.58097 48.915292 48.227252 47.516367 46.782393 46.025402 45.245866 44.444736 43.623477 42.784036 41.928705 41.059918 40.180018 39.291145 38.395165 37.493574 36.587997 35.681046 34.776625 33.879764 32.992011 32.112812 31.244916 30.385576 29.545719 28.659747 27.585008 26.978025 1e+30 1e+30 1e+30 1e+30
62.382582 62.182945 61.964901 61.729065 61.476014 61.206277 60.920329 60.618587 60.301406 59.969075 59.621817 59.259788 58.883078 58.491714 58.085656 57.664802 57.228986 56.777978 56.31148 55.829129 55.33049 54.815056 54.282248 53.731412 53.161827 52.572707 51.963216 51.332484 50.679638 50.003838 49.304331 48.580517 47.832036 47.058871 46.261472 45.440893 44.598895 43.737921 42.860903 41.970906 41.070656 40.162491 39.248272 38.328581 37.403701 36.475909 35.549973 34.637142 33.736932 32.841623 31.964176 31.080778 30.304681 29.523177 1e+30 1e+30 1e+30 1e+30 1e+30 1e+30
63.382834 63.189265 62.977525 62.748139 62.501594 62.238336 61.958762 61.663216 61.351984 61.025293 60.68331 60.326136 59.953813 59.566321 59.163576 58.745434 58.31169 57.862076 57.396262 56.913849 56.414375 55.897303 55.362025 54.807859 54.234047 53.639758 53.024097 52.386112 51.72482 51.03924 50.328442 49.591628 48.82822 48.037992 47.221242 46.379035 45.513447 44.627617 43.725468 42.811159 41.887845 40.958145 40.024703 39.086221 38.139375 37.185641 36.226735 35.298188 34.3929 33.4683 32.604663 31.584496 30.984138 1e+30 1e+30 1e+30 1e+30 1e+30 1e+30 1e+30
64.334875 64.146637 63.94048 63.716844 63.476138 63.218729 62.944942 62.655054 62.349286 62.027805 61.690721 61.338084 60.969886 60.58606 60.186477 59.770954 59.339246 58.891048 58.425998 57.943667 57.443564 56.925125 56.387715 55.83062 55.253044 54.654105 54.032832 53.38817 52.718991 52.02412 51.302383 50.552684 49.774109 48.966052 48.128428 47.262073 46.369338 45.45434 44.522533 43.580397 42.631042 41.676802 40.725033 39.770626 38.799895 37.818104 36.790647 35.853411 34.985059 33.950938 33.316814 1e+30 1e+30 1e+30 1e+30 1e+30 1e+30 1e+30 1e+30 1e+30
65.239302 65.055761 64.854565 64.636079 64.400636 64.148535 63.880035 63.595346 63.294631 62.977998 62.645504 62.297147 61.932869 61.552555 61.156035 60.743081 60.313412 59.866689 59.402516 58.920438 58.419936 57.900426 57.361246 56.801655 56.220819 55.617806 54.991566 54.340929 53.664593 52.961141 52.229078 51.466914 50.67327 49.84696 48.987123 48.093792 47.169355 46.219345 45.251055 44.277639 43.299562 42.31312 41.347746 40.390541 39.39013 38.414102 37.18239 36.258466 35.65994 1e+30 1e+30 1e+30 1e+30 1e+30 1e+30 1e+30 1e+30 1e+30 1e+30 1e+30
66.096645 65.91726 65.720494 65.506642 65.275973 65.028721 64.765082 64.485209 64.189206 63.877128 63.548976 63.2047 62.844191 62.467289 62.073778 61.66339 61.235804 60.790647 60.327493 59.845863 59.345216 58.824949 58.284383 57.722757 57.139209 56.532763 55.902303 55.246543 54.563999 53.852967 53.111551 52.337766 51.529684 50.685416 49.80277 48.879536 47.917391 46.924666 45.906446 44.90097 43.897494 42.849245 41.882925 40.973483 39.875371 39.182386 1e+30 1e+30 1e+30 1e+30 1e+30 1e+30 1e+30 1e+30 1e+30 1e+30 1e+30 1e+30 1e+30 1e+30
66.907372 66.731684 66.538897 66.329244 66.102935 65.860146 65.601016 65.325642 65.034076 64.726321 64.402326 64.061989 63.705155 63.331616 62.941109 62.533324 62.107902 61.664434 61.202469 60.721502 60.22098 59.700286 59.158735 58.595555 58.009873 57.400694 56.766858 56.106995 55.419451 54.702211 53.952875 53.168812 52.347571 51.486896 50.582989 49.627544 48.618821 47.577811 46.471267 45.444276 44.461498 43.224759 42.283034 41.664902 1e+30 1e+30 1e+30 1e+30 1e+30 1e+30 1e+30 1e+30 1e+30 1e+30 1e+30 1e+30 1e+30 1e+30 1e+30 1e+30
67.671893 67.499516 67.310328 67.10451 66.882216 66.643571 66.388662 66.117536 65.830195 65.52659 65.206624 64.870143 64.516944 64.146769 63.759309 63.354209 62.931068 62.489444 62.028858 61.548788 61.048669 60.527885 59.985752 59.421505 58.834283 58.2231 57.586807 56.924011 56.232962 55.511359 54.756135 53.963617 53.130802 52.256796 51.33912 50.352388 49.275505 48.218605 46.878771 45.866138 45.199782 1e+30 1e+30 1e+30 1e+30 1e+30 1e+30 1e+30 1e+30 1e+30 1e+30 1e+30 1e+30 1e+30 1e+30 1e+30 1e+30 1e+30 1e+30 1e+30
68.390562 68.221175 68.035273 67.832986 67.614424 67.379665 67.128749 66.861678 66.578407 66.27884 65.962832 65.63018 65.28063 64.913874 64.529552 64.127262 63.706558 63.266961 62.807965 62.329033 61.829599 61.309055 60.766734 60.201894 59.613706 59.001235 58.363409 57.698935 57.006143 56.282654 55.524578 54.725921 53.881712 52.996086 52.088955 51.090773 49.835352 49.062524 1e+30 1e+30 1e+30 1e+30 1e+30 1e+30 1e+30 1e+30 1e+30 1e+30 1e+30 1e+30 1e+30 1e+30 1e+30 1e+30 1e+30 1e+30 1e+30 1e+30 1e+30 1e+30
