examples/data/geospatial/fine_topo.asc
NCOLS 180
NROWS 100
XLLCENTER 500.
YLLCENTER 500.
CELLSIZE 1000.
NODATA_VALUE 1.e30
[rows 27 to 53 of 100, columns 60 to 119 of 180]
83.611965 83.171109 82.700529 82.196987 81.657238 81.078017 80.456032 79.787938 79.070314 78.299632 77.472228 76.58428 75.631798 74.610632 73.516532 72.345263 71.092838 69.755887 68.332256 66.821844 65.22771 63.557333 61.823867 60.047181 58.254918 56.484108 54.779393 53.1661 51.666667 51.111111 52.551724 53.589084 54.445154 55.175989 55.804968 56.346809 56.812835 57.212457 57.553714 57.843504 58.087735 58.291434 58.458863 58.593618 58.698741 58.776822 58.830083 58.860467 58.869689 58.859292 58.83068 58.785135 58.723833 58.647848 58.558149 58.455603 58.340962 58.214861 58.07781 57.93018
82.820122 82.406795 81.964079 81.488613 80.977084 80.426223 79.832796 79.193586 78.505371 77.764906 76.968909 76.114048 75.196957 74.214273 73.162711 72.039209 70.841148 69.566696 68.215273 66.788177 65.289312 63.725957 62.109444 60.455589 58.784729 57.121006 55.489425 53.910222 52.413967 51.111111 51.742112 52.67411 53.533391 54.281736 54.927135 55.482056 55.957997 56.365021 56.711853 57.005983 57.253786 57.460627 57.630993 57.768619 57.876622 57.957632 58.0139 58.047397 58.059882 58.052954 58.028089 57.986655 57.929924 57.859065 57.775147 57.67913 57.571848 57.454008 57.32617 57.188745
81.99532 81.61291 81.201369 80.757195 80.277008 79.757538 79.195623 78.588186 77.932219 77.224773 76.46294 75.643864 74.764758 73.822952 72.81598 71.741711 70.598551 69.385716 68.103582 66.754111 65.341303 63.871607 62.354191 60.800892 59.225623 57.642771 56.063526 54.48805 52.886107 51.111111 50.555556 51.756036 52.658368 53.417729 54.068272 54.625701 55.102207 55.508463 55.853805 56.14624 56.392512 56.59822 56.767957 56.90547 57.013833 57.095606 57.152979 57.187884 57.202072 57.197169 57.174707 57.136132 57.082811 57.01602 56.936935 56.84662 56.746005 56.635877 56.516862 56.389415
81.136656 80.788821 80.411961 80.002422 79.556749 79.071684 78.544144 77.971206 77.350088 76.678135 75.952811 75.171704 74.332553 73.43329 72.472122 71.447648 70.359014 69.206126 67.989892 66.712492 65.377626 63.99069 62.558793 61.090456 59.594859 58.080388 56.552273 55.009789 53.447048 51.880721 50.555556 51.059295 51.852017 52.589733 53.230813 53.779387 54.246406 54.643029 54.97923 55.263493 55.502846 55.702993 55.868483 56.002916 56.109161 56.189573 56.246171 56.280768 56.29506 56.290671 56.269177 56.232104 56.180921 56.117026 56.041718 55.956183 55.861462 55.75844 55.647822 55.530117
80.243313 79.934022 79.595567 79.224133 78.8162 78.368526 77.878124 77.342239 76.758326 76.124027 75.437167 74.695753 73.897994 73.042342 72.127556 71.152797 70.117745 69.022744 67.868966 66.658563 65.39478 64.08198 62.725539 61.331461 59.905693 58.453006 56.975455 55.470557 53.928979 52.32587 50.555556 50 51.026952 51.785653 52.414056 52.943522 53.390402 53.767778 54.08661 54.355862 54.582731 54.772874 54.930604 55.059153 55.16098 55.238055 55.292092 55.324704 55.337484 55.332038 55.309984 55.272938 55.222493 55.160187 55.087473 55.00568 54.915984 54.819388 54.716692 54.608477
79.314659 79.048221 78.752125 78.422401 78.055475 77.64814 77.197527 76.701068 76.156469 75.56168 74.914879 74.214467 73.459083 72.64763 71.779323 70.853761 69.871007 68.831688 67.737085 66.58921 65.390837 64.145446 62.857059 61.529888 60.167773 58.773415 57.347494 55.887998 54.390655 52.853875 51.307735 50 50.395605 51.039128 51.624409 52.118986 52.533004 52.880393 53.173032 53.420158 53.628941 53.804807 53.951575 54.071811 54.167269 54.239306 54.289175 54.318204 54.327857 54.319719 54.295468 54.256835 54.205567 54.143383 54.071923 53.992695 53.907036 53.816089 53.720776 53.621772
78.350369 78.131452 77.881902 77.597616 77.274994 76.910891 76.502586 76.047729 75.544302 74.990576 74.385086 73.726615 73.014199 72.24714 71.425042 70.547856 69.615931 68.63008 67.591618 66.502396 65.364774 64.181535 62.955713 61.690292 60.38778 59.049682 57.67595 56.264566 54.811333 53.309012 51.738396 50 49.444444 50.27868 50.853788 51.303674 51.671064 51.976638 52.233832 52.451626 52.636852 52.794587 52.927804 53.037955 53.125677 53.191406 53.235759 53.259716 53.264617 53.252071 53.22385 53.181839 53.127986 53.064249 52.992511 52.914498 52.83174 52.745545 52.656989 52.566874
77.350582 77.184195 76.985592 76.750581 76.475564 76.157502 75.793864 75.382563 74.921895 74.41048 73.847223 73.231288 72.562089 71.839294 71.062849 70.233 69.350329 68.415783 67.43069 66.396759 65.31603 64.19078 63.023356 61.815945 60.570246 59.287102 57.966137 56.605501 55.201879 53.751221 52.252934 50.736653 49.444444 49.704769 50.136819 50.499481 50.799493 51.049654 51.262237 51.44369 51.600128 51.736642 51.854774 51.954151 52.033661 52.092423 52.130236 52.147724 52.146204 52.127406 52.093261 52.045847 51.987382 51.920151 51.846361 51.76801 51.68684 51.604345 51.521791 51.440173
76.316066 76.207499 76.064429 75.882606 75.658469 75.389131 75.072316 74.706265 74.289644 73.821467 73.301034 72.7279 72.101851 71.422905 70.691319 69.907605 69.072545 68.187204 67.252932 66.271339 65.244245 64.173589 63.061283 61.909029 60.718084 59.488976 58.221236 56.913145 55.561505 54.161241 52.703706 51.166418 49.444444 48.888889 49.418332 49.686599 49.906006 50.088056 50.249205 50.387869 50.510153 50.623706 50.727002 50.816633 50.88875 50.940689 50.971269 50.980888 50.97112 50.944038 50.901779 50.846633 50.78117 50.708144 50.630227 50.549752 50.468656 50.388606 50.311113 50.237466
75.248334 75.203076 75.120289 74.995622 74.825563 74.607446 74.339343 74.019918 73.648291 73.223928 72.746567 72.21617 71.632904 70.997126 70.309395 69.570469 68.781321 67.943137 67.057305 66.125394 65.149098 64.130159 63.070249 61.970826 60.832962 59.657138 58.443019 57.189222 55.893026 54.54997 53.153508 51.697221 50.199319 48.888889 48.890157 48.851036 48.97762 49.074397 49.185143 49.274419 49.35449 49.446342 49.538056 49.621712 49.689037 49.735268 49.75813 49.758187 49.737966 49.700315 49.647498 49.581891 49.50652 49.424894 49.340406 49.255793 49.17306 49.093947 49.02027 48.953825
74.149578 74.173338 74.1558 74.092305 73.979387 73.81471 73.596844 73.325022 72.998929 72.618565 72.184155 71.696098 71.154948 70.561406 69.916323 69.220701 68.475703 67.682643 66.84298 65.958291 65.030226 64.060443 63.050523 62.001861 60.915539 59.792193 58.631843 57.433704 56.195896 54.914869 53.583903 52.188149 50.683643 48.888889 48.333333 47.777778 48.006069 47.972715 48.067876 48.094837 48.111094 48.192869 48.280797 48.366711 48.433983 48.476726 48.491194 48.479006 48.445303 48.394615 48.328654 48.249338 48.160334 48.066518 47.972563 47.881688 47.795511 47.715497 47.643872 47.583381
73.022263 73.121399 73.174509 73.176263 73.123306 73.013862 72.847254 72.623494 72.342987 72.006362 71.614386 71.16792 70.667919 70.115427 69.511586 68.857642 68.154949 67.404967 66.609252 65.769432 64.887179 63.964155 63.001959 62.002047 60.965653 59.893714 58.786784 57.644939 56.467686 55.253824 54.001309 52.70755 51.373672 50.03675 48.990283 47.777778 47.222222 46.666667 46.942839 46.849035 46.724181 46.855108 46.947403 47.052308 47.125463 47.168439 47.172761 47.142969 47.090996 47.025294 46.943991 46.846999 46.739181 46.628223 46.521358 46.42244 46.331247 46.248056 46.175744 46.118983
71.868422 72.051318 72.181271 72.252346 72.261705 72.208607 72.093557 71.917648 71.682192 71.388544 71.038055 70.632069 70.171942 69.659058 69.09485 68.480804 67.818475 67.109478 66.355488 65.558221 64.719417 63.840807 62.924076 61.970823 60.982518 59.960478 58.90586 57.819691 56.702966 55.556944 54.383891 53.189108 51.98645 50.811591 49.73508 48.686474 47.774049 46.666667 46.111111 45.555556 45 45.47564 45.521172 45.689866 45.767503 45.819227 45.808685 45.749015 45.669946 45.590777 45.49387 45.373933 45.239179 45.103442 44.979504 44.872563 44.775936 44.686588 44.608874 44.551583
70.690464 70.969306 71.183076 71.327139 71.400204 71.403458 71.339236 71.210111 71.018481 70.766496 70.456101 70.089113 69.667275 69.192303 68.66591 68.089825 67.465801 66.79562 66.081091 65.324044 64.526318 63.689748 62.81615 61.907301 60.96494 59.990773 58.986524 57.954049 56.895538 55.813945 54.713813 53.60283 52.494421 51.410249 50.374717 49.381096 48.444486 47.520035 46.748028 45.96897 45 44.444444 43.888889 44.337059 44.354184 44.451219 44.412392 44.292492 44.166441 44.091135 43.98353 43.831872 43.65569 43.481798 43.335176 43.226685 43.127501 43.027464 42.935412 42.869001
69.50069 69.886762 70.190231 70.409537 70.545846 70.603664 70.588115 70.503654 70.353868 70.141666 69.86953 69.539695 69.154261 68.71525 68.224648 67.684416 67.09651 66.462882 65.785483 65.066268 64.307195 63.510221 62.677303 61.810409 60.91153 59.982721 59.02617 58.044338 57.040186 56.017538 54.981667 53.940102 52.903426 51.884972 50.896998 49.943041 49.027204 48.144733 47.317582 46.497714 45.646142 44.850502 43.888889 43.333333 42.777778 43.136891 43.014414 42.758015 42.527038 42.538745 42.431869 42.228115 41.982632 41.74465 41.563936 41.482686 41.390999 41.271123 41.146695 41.053327
68.34746 68.82052 69.21672 69.511204 69.707045 69.814878 69.84398 69.800909 69.69025 69.515442 69.279333 68.984479 68.633278 68.228035 67.77099 67.264334 66.710221 66.110771 65.468084 64.784242 64.061322 63.301404 62.506586 61.679006 60.820873 59.934517 59.022465 58.087568 57.13318 56.163424 55.183507 54.200043 53.221124 52.255645 51.311386 50.392759 49.502311 48.6397 47.805709 46.983702 46.160896 45.347423 44.509597 43.728577 42.777778 42.222222 41.666667 41.111111 40.555556 41.017877 40.889891 40.577402 40.211503 39.857994 39.600202 39.6569 39.590572 39.426612 39.233292 39.075814
67.222222 67.764241 68.279716 68.647536 68.893116 69.042269 69.109885 69.103946 69.029189 68.889038 68.686428 68.424101 68.104704 67.730799 67.304873 66.829343 66.306554 65.738795 65.128308 64.477296 63.787948 63.062454 62.303035 61.51197 60.691636 59.844562 58.973498 58.081509 57.172101 56.249369 55.318155 54.384101 53.45351 52.532796 51.627503 50.741386 49.876454 49.032727 48.208395 47.396698 46.591995 45.79397 44.997794 44.218113 43.432509 42.759889 42.109903 41.419681 40.555556 40 39.444444 38.888889 38.333333 37.777778 37.222222 37.858668 37.792888 37.515142 37.185665 36.889976
67.222222 66.666667 67.424921 67.842035 68.112352 68.288487 68.387027 68.413797 68.371747 68.26345 68.091634 67.859154 67.568888 67.223663 66.826216 66.379185 65.885111 65.346442 64.765548 64.144745 63.486314 62.792534 62.065717 61.308247 60.522622 59.711504 58.87777 58.024584 57.155463 56.274349 55.385649 54.494196 53.605064 52.723175 51.852754 50.99685 50.157155 49.333875 48.525711 47.729634 46.942944 46.164767 45.395068 44.638792 43.898717 43.200347 42.518856 41.826903 41.111819 40.482618 39.881242 39.28536 38.677678 38.02448 37.222222 36.666667 36.111111 35.555556 35 34.444444
67.51719 66.666667 66.846135 67.119451 67.36248 67.549447 67.673447 67.730268 67.718585 67.639561 67.495739 67.290201 67.026145 66.706704 66.334885 65.913557 65.445447 64.933155 64.379168 63.785887 63.155662 62.490826 61.793749 61.066879 60.31279 59.534223 58.734126 57.915691 57.082384 56.237964 55.38646 54.532092 53.679093 52.83144 51.99252 51.164844 50.3499 49.548101 48.758848 47.980776 47.212619 46.453957 45.705405 44.969423 44.249068 43.549834 42.864009 42.182482 41.506605 40.862382 40.237565 39.618488 38.992054 38.343959 37.668635 37.057928 36.467017 35.878525 35.278713 34.641346
67.710644 66.666667 66.111111 66.36384 66.60535 66.810341 66.964354 67.05284 67.070601 67.018464 66.899617 66.717809 66.476742 66.179928 65.830669 65.432068 64.987036 64.498312 63.968477 63.399992 62.795231 62.156544 61.486312 60.787008 60.061242 59.3118 58.541665 57.754033 56.952307 56.140088 55.321118 54.499188 53.677976 52.860838 52.050598 51.249375 50.458496 49.6785 48.909242 48.150142 47.400624 46.660534 45.930348 45.211308 44.504924 43.812362 43.131079 42.458275 41.795253 41.148224 40.513512 39.884101 39.252831 38.614816 37.973804 37.353075 36.744107 36.13618 35.517978 34.875643
67.956078 67.023781 66.111111 65.555556 65.821027 66.058848 66.257841 66.383529 66.430151 66.40188 66.30433 66.142535 65.920862 65.643227 65.313231 64.934206 64.50924 64.041193 63.532718 62.986289 62.404261 61.788939 61.142663 60.467883 59.767215 59.043468 58.299658 57.538985 56.764813 55.980636 55.190012 54.396466 53.603326 52.813553 52.029577 51.253203 50.485586 49.727273 48.978321 48.238484 47.507472 46.785183 46.071829 45.367942 44.674104 43.990522 43.316321 42.650653 41.994004 41.347653 40.709849 40.076988 39.445414 38.813307 38.182918 37.560539 36.94402 36.327669 35.70451 35.06768
68.172658 67.295748 66.421773 65.555556 65 65.282325 65.561388 65.730479 65.802048 65.792195 65.710975 65.564805 65.358519 65.096318 64.782057 64.419287 64.011259 63.56094 63.071025 62.543955 61.981991 61.387311 60.762143 60.108863 59.430065 58.728585 58.007482 57.269997 56.519492 55.759418 54.993258 54.224424 53.456079 52.690938 51.931133 51.178178 50.433006 49.696058 48.967395 48.246849 47.534178 46.829202 46.131878 45.442289 44.76053 44.086543 43.420007 42.76072 42.108901 41.464736 40.827186 40.19424 39.563858 38.935056 38.308664 37.686515 37.067856 36.449719 35.828049 35.19904
68.340004 67.500159 66.65966 65.824049 65 64.444444 64.911406 65.112008 65.192678 65.191321 65.120062 64.984652 64.789453 64.538674 64.2364 63.886398 63.492076 63.056502 62.58239 62.072089 61.527655 60.951023 60.344205 59.709439 59.049277 58.366603 57.664576 56.946529 56.215872 55.476066 54.730625 53.98303 53.236478 52.493566 51.756159 51.025435 50.30202 49.586122 48.877661 48.176385 47.481966 46.794078 46.112432 45.436781 44.766895 44.102554 43.443618 42.790219 42.14278 41.501573 40.866012 40.234729 39.606208 38.979561 38.355013 37.733543 37.115405 36.499198 35.882436 35.262601
68.451801 67.641194 66.828248 66.01624 65.212012 64.444444 64.464338 64.550551 64.602555 64.597629 64.530595 64.401528 64.213091 63.96948 63.675218 63.334336 62.950385 62.526554 62.06559 61.569679 61.040501 60.479549 59.888469 59.26928 58.624482 57.957064 57.270396 56.568007 55.853382 55.129996 54.401484 53.671647 52.94403 52.221241 51.504822 50.795483 50.093391 49.398392 48.710148 48.028224 47.352132 46.681358 46.015368 45.353612 44.69554 44.040702 43.388953 42.740735 42.097126 41.459188 40.826705 40.198304 39.572224 38.947187 38.323185 37.701832 37.085306 36.473189 35.863502 35.254076
68.505812 67.720961 66.931929 66.13636 65.322846 64.444444 63.888889 63.960599 64.006497 64.003149 63.940248 63.81478 63.628773 63.387616 63.097113 62.761545 62.384504 61.969381 61.519081 61.035564 60.519816 59.972548 59.394818 58.788323 58.15551 57.49959 56.82437 56.133789 55.431375 54.720449 54.004767 53.288875 52.577351 51.872934 51.176598 50.488283 49.807471 49.133503 48.465698 47.803388 47.145899 46.492524 45.842484 45.1949 44.548812 43.903332 43.258035 42.613626 41.972495 41.337767 40.709454 40.085405 39.462734 38.838989 38.213593 37.589863 36.975069 36.368727 35.767966 35.170186
68.501128 67.74161 66.978499 66.210391 65.434003 64.647256 63.888889 63.333333 63.396546 63.405097 63.349321 63.22533 63.036196 62.791468 62.500196 62.166082 61.792282 61.382669 60.940775 60.468363 59.965011 59.430025 58.863577 58.266938 57.642499 56.993867 56.325767 55.643097 54.949226 54.246679 53.53898 52.832202 52.133827 51.446637 50.770289 50.103355 49.444316 48.79188 48.144994 47.502765 46.864365 46.228935 45.595476 44.962759 44.329259 43.693261 43.053397 42.410095 41.768021 41.136224 40.513967 39.896872 39.279749 38.65753 38.027066 37.393361 36.780525 36.182576 35.593069 35.008224
68.436673 67.702799 66.966692 66.228985 65.491408 64.757118 64.037392 63.333333 62.777778 62.807986 62.763235 62.637537 62.435505 62.177889 61.881871 61.545768 61.171036 60.763106 60.327565 59.866394 59.375821 58.852603 58.295787 57.706205 57.086107 56.439608 55.773322 55.09482 54.406609 53.708576 53.00247 52.297063 51.608891 50.93915 50.284113 49.63996 49.003856 48.373856 47.748612 47.127107 46.508459 45.891752 45.275869 44.659283 44.039803 43.414342 42.77914 42.131918 41.479529 40.851172 40.239124 39.633909 39.027087 38.409168 37.768196 37.100003 36.494963 35.911672 35.336971 34.76633
