examples/data/geospatial/fine_topo.asc
NCOLS 180
NROWS 100
XLLCENTER 500.
YLLCENTER 500.
CELLSIZE 1000.
NODATA_VALUE 1.e30
[rows 54 to 80 of 100, columns 60 to 119 of 180]
68.311376 67.603372 66.893345 66.184019 65.481811 64.788444 64.106081 63.435172 62.777778 62.222222 62.194537 62.062372 61.826364 61.538322 61.238957 60.899104 60.517678 60.10553 59.674086 59.22768 58.752845 58.242009 57.693598 57.108385 56.48804 55.83658 55.164092 54.486872 53.804078 53.108438 52.394763 51.673881 50.994626 50.346029 49.716085 49.097484 48.486162 47.879827 47.2771 46.677041 46.078879 45.481815 44.884815 44.28631 43.683658 43.072165 42.443512 41.785058 41.092727 40.475434 39.882931 39.297818 38.710486 38.108403 37.460495 36.666667 36.111111 35.555556 35 34.444444
68.124956 67.443253 66.756328 66.068719 65.399965 64.745163 64.099542 63.459552 62.825304 62.222222 61.666667 61.527195 61.204829 60.845127 60.571395 60.228545 59.829182 59.40103 58.969106 58.550781 58.099017 57.601792 57.060595 56.477592 55.852442 55.185357 54.489842 53.814406 53.143985 52.455509 51.722881 50.937155 50.277921 49.662606 49.065117 48.47612 47.891813 47.310433 46.731045 46.153065 45.576033 44.999472 44.422732 43.844729 43.263345 42.673822 42.063916 41.397641 40.555556 40 39.444444 38.888889 38.333333 37.777778 37.222222 36.666667 37.233201 37.083691 36.683942 36.154959
67.878892 67.225705 66.557087 65.87142 65.240963 64.629389 64.023891 63.414508 62.777778 62.222222 61.666667 61.111111 60.555556 60 59.907434 59.548549 59.102946 58.633305 58.183323 57.840257 57.423406 56.93793 56.401312 55.820327 55.189519 54.492525 53.724712 53.066009 52.43087 51.775233 51.031676 50 49.444444 48.888889 48.333333 47.777778 47.222222 46.666667 46.111111 45.555556 45 44.444444 43.888889 43.333333 42.777778 42.222222 41.666667 41.111111 40.555556 41.016004 40.882418 40.55535 40.158553 39.741302 39.34022 39.020973 38.976326 38.768252 38.401211 37.903852
67.576927 66.960954 66.311933 65.555556 65 64.444444 63.888889 63.333333 62.777778 62.530884 62.064544 61.504918 60.855223 60 59.444444 58.888889 58.333333 57.777778 57.222222 57.13622 56.748893 56.257182 55.717838 55.143772 54.522949 53.799532 52.777778 52.222222 51.666667 51.111111 50.555556 50 49.60725 49.100141 48.553557 47.990037 47.417006 46.837115 46.251649 45.662179 45.071336 44.480186 43.888889 43.333333 42.777778 43.103766 42.985608 42.742067 42.522358 42.538687 42.425858 42.200381 41.90987 41.59136 41.276552 40.999846 40.787311 40.517361 40.153389 39.690649
67.222222 66.666667 66.111111 65.555556 65.382369 64.963574 64.467021 63.94809 63.439011 62.995759 62.491539 61.92385 61.294426 60.608501 59.988786 59.382662 58.762669 58.085606 57.222222 56.666667 56.111111 55.555556 55 54.444444 53.888889 53.333333 52.777778 52.428769 51.940186 51.407356 50.861712 50.321207 49.816249 49.281852 48.721199 48.141936 47.548469 46.94267 46.325434 45.699131 45.071639 44.444444 43.888889 44.203145 44.224849 44.348748 44.346935 44.262523 44.163716 44.1032 43.99437 43.821291 43.598043 43.344663 43.080272 42.819596 42.561993 42.267022 41.910025 41.482171
67.895618 67.366836 66.842728 66.347242 65.947765 65.497055 65.003479 64.488574 63.969924 63.457736 62.917778 62.339704 61.724527 61.084192 60.453284 59.824036 59.182555 58.512448 57.808169 57.186028 56.59258 56.010997 55.435452 54.864054 54.297101 53.73776 53.19651 52.707975 52.190152 51.648112 51.094112 50.538087 49.986044 49.420791 48.838006 48.238207 47.622067 46.989095 46.337339 45.665945 45 44.444444 44.937938 45.287996 45.489199 45.638638 45.708737 45.713417 45.681373 45.630421 45.540992 45.405186 45.227864 45.019208 44.78948 44.544937 44.282665 43.987016 43.644942 43.250543
68.515581 67.998528 67.481692 66.97893 66.501325 66.010162 65.497703 64.968995 64.430455 63.88359 63.317981 62.728072 62.114673 61.484835 60.850334 60.211657 59.564743 58.906562 58.244261 57.609474 56.99504 56.3932 55.799439 55.211757 54.630088 54.056356 53.49476 52.94904 52.396588 51.832723 51.260139 50.682365 50.100256 49.508147 48.902331 48.280921 47.642183 46.983546 46.297647 45.555556 45 45.556502 46.052017 46.443409 46.725914 46.927762 47.054891 47.118851 47.134789 47.112354 47.049592 46.945385 46.802867 46.627728 46.425586 46.199475 45.947715 45.663851 45.341714 44.978493
69.085958 68.566965 68.043397 67.52229 67.005489 66.481537 65.944958 65.39583 64.835733 64.264461 63.678498 63.0756 62.45653 61.825043 61.186186 60.541873 59.892232 59.238448 58.586135 57.945844 57.31814 56.700463 56.090355 55.486309 54.887851 54.295397 53.709629 53.129297 52.546667 51.957996 51.363006 50.762357 50.155568 49.539972 48.912627 48.270919 47.611704 46.934273 46.242565 45.555556 46.043744 46.650927 47.191809 47.629273 47.964401 48.212207 48.384169 48.491526 48.545099 48.552536 48.516966 48.440556 48.326422 48.178444 48.000159 47.793533 47.55815 47.291568 46.991331 46.65667
69.607331 69.07751 68.540032 67.998675 67.454123 66.902756 66.341818 65.770504 65.18886 64.596487 63.992157 63.3752 62.746374 62.107869 61.462449 60.812088 60.158239 59.502942 58.849811 58.203297 57.56476 56.933558 56.308455 55.68835 55.072514 54.46049 53.85164 53.244262 52.634959 52.021471 51.403117 50.779765 50.150636 49.51414 48.86749 48.208202 47.528745 46.828081 46.111111 45.555556 46.892563 47.733477 48.356565 48.839063 49.211699 49.493746 49.698935 49.838406 49.921474 49.955167 49.944128 49.891858 49.801645 49.676686 49.519691 49.332379 49.115209 48.867701 48.589356 48.28057
70.079605 69.533678 68.978361 68.415951 67.847161 67.270999 66.686331 66.092589 65.489586 64.877105 64.254818 63.622757 62.981683 62.333093 61.678851 61.020708 60.360331 59.69964 59.041001 58.38671 57.7378 57.09413 56.454943 55.819312 55.18635 54.555184 53.924739 53.293473 52.659484 52.021555 51.379652 50.734052 50.083836 49.428863 48.764995 48.09522 47.396034 46.666667 46.111111 47.147794 48.153755 48.953463 49.582802 50.080247 50.471399 50.774005 51.001164 51.163192 51.268415 51.323362 51.332966 51.301123 51.231167 51.126017 50.988079 50.819083 50.620044 50.391493 50.133949 49.848419
70.502795 69.937532 69.36191 68.777576 68.185385 67.585391 66.977366 66.361172 65.736799 65.104289 64.46375 63.815542 63.160434 62.499608 61.834504 61.166636 60.497541 59.828832 59.162145 58.498826 57.839469 57.183874 56.531309 55.880811 55.231358 54.581872 53.93111 53.277572 52.61981 51.957158 51.291099 50.623834 49.952318 49.28264 48.598154 47.941012 47.222222 46.666667 47.73118 48.679965 49.536481 50.262521 50.861495 51.349344 51.741854 52.052209 52.291109 52.467306 52.587998 52.659029 52.685093 52.670017 52.61703 52.528873 52.407821 52.255655 52.073711 51.863041 51.624681 51.359925
70.877115 70.29029 69.692523 69.085224 68.469392 67.845591 67.214135 66.575267 65.929238 65.276332 64.616911 63.951507 63.280896 62.606104 61.928344 61.248935 60.569239 59.890613 59.214284 58.541101 57.871259 57.204233 56.539004 55.874398 55.209263 54.542419 53.87254 53.197867 52.51666 51.827441 51.134673 50.448437 49.749152 49.081089 48.333333 47.777778 47.222222 48.414016 49.374906 50.216337 50.965626 51.617491 52.172065 52.635757 53.01721 53.325074 53.567197 53.750447 53.880722 53.963017 54.001518 53.999743 53.960692 53.886925 53.780605 53.643526 53.47718 53.282868 53.061862 52.815565
71.202904 70.592708 69.971176 69.339701 68.699446 68.051298 67.39593 66.733889 66.06566 65.391726 64.712612 64.02895 63.341519 62.651256 61.959237 61.266642 60.574711 59.884674 59.197596 58.514101 57.834051 57.156353 56.479368 55.801527 55.121595 54.438404 53.750837 53.056409 52.352842 51.632168 50.902211 50.216288 49.444444 48.888889 48.333333 49.187854 49.568075 50.294833 51.047672 51.758707 52.409335 52.989357 53.494893 53.927018 54.289605 54.587681 54.8265 55.011077 55.145997 55.235328 55.282629 55.290988 55.263095 55.20129 55.107599 54.98377 54.831335 54.651683 54.446167 54.216193
71.48057 70.845288 70.198362 69.541312 68.875502 68.202085 67.522002 66.836032 66.144847 65.449072 64.749342 64.046346 63.34086 62.633755 61.926007 61.218701 60.513032 59.810253 59.111543 58.41762 57.728193 57.041191 56.353732 55.663578 54.969689 54.270925 53.567782 52.855475 52.137069 51.376554 50.555556 50 49.444444 50.186207 50.463592 50.98264 51.472747 52.058565 52.675158 53.277599 53.842359 54.356461 54.81344 55.211284 55.550814 55.834438 56.065324 56.246888 56.382501 56.475335 56.528292 56.543985 56.524749 56.472672 56.389609 56.27721 56.136963 55.970253 55.77842 55.562816
71.710559 71.048377 70.374278 69.690024 68.99724 68.297336 67.591479 66.88062 66.165557 65.447007 64.725668 64.002264 63.277552 62.552332 61.827477 61.10398 60.383036 59.666066 58.954741 58.25042 57.553425 56.85972 56.16371 55.461942 54.754874 54.039656 53.325338 52.591633 51.893977 51.111111 50.555556 51.173696 51.410684 51.862107 52.262429 52.718585 53.193867 53.705423 54.233024 54.752658 55.246505 55.702809 56.114573 56.478354 56.793203 57.059787 57.279738 57.455189 57.588486 57.681992 57.737988 57.758609 57.745831 57.701469 57.62718 57.524476 57.394754 57.239333 57.059484 56.856474
71.893359 71.202218 70.498897 69.785522 69.064061 68.336204 67.603315 66.866463 66.126499 65.384168 64.640192 63.895314 63.150267 62.405751 61.66249 60.921305 60.183369 59.450253 58.724687 58.009391 57.308621 56.613525 55.912077 55.197853 54.480061 53.738902 53.033349 52.222222 51.666667 51.111111 52.032039 52.647653 53.076764 53.504443 53.920337 54.350999 54.794994 55.253769 55.717973 56.174253 56.610459 57.017289 57.388394 57.719967 58.010182 58.258645 58.46593 58.633213 58.762014 58.854014 58.91094 58.934485 58.926274 58.88785 58.820657 58.726049 58.605299 58.459622 58.290195 58.098178
72.029512 71.306975 70.571988 69.827204 69.075051 68.317552 67.556247 66.792234 66.02631 65.259153 64.491473 63.724063 62.957656 62.192797 61.429982 60.66962 59.912807 59.160513 58.417711 57.686943 56.991072 56.306359 55.605521 54.869162 54.16006 53.333333 52.777778 52.222222 52.942873 53.203825 53.72668 54.225094 54.661354 55.0762 55.481471 55.888698 56.300734 56.717098 57.132446 57.538752 57.927799 58.292574 58.627756 58.929724 59.196333 59.426606 59.620435 59.778313 59.901132 59.990021 60.046233 60.071073 60.065842 60.03182 59.970241 59.882288 59.769094 59.631754 59.471332 59.288872
72.11966 71.362742 70.593083 69.814105 69.028896 68.239885 67.448734 66.65643 65.863531 65.070493 64.277977 63.486956 62.6983 61.912259 61.129137 60.348152 59.571153 58.794367 58.031498 57.262137 56.59494 55.947737 55.266459 54.444444 53.888889 53.333333 53.997559 54.195914 54.595101 54.947726 55.361708 55.78288 56.186547 56.577456 56.961185 57.34279 57.724098 58.104255 58.479721 58.845239 59.195084 59.523992 59.827643 60.102817 60.347353 60.559998 60.740233 60.888088 61.003991 61.08864 61.142903 61.167749 61.164194 61.133276 61.076025 60.993455 60.886555 60.756289 60.603603 60.429425
72.164618 71.369553 70.561406 69.744777 68.923722 68.101185 67.278848 66.457341 65.636652 64.816707 63.998011 63.182148 62.370631 61.562737 60.759726 59.955888 59.162104 58.346685 57.583873 56.666667 56.111111 55.555556 55 54.444444 55.100702 55.261134 55.601316 55.8844 56.211502 56.548099 56.908637 57.278573 57.645861 58.008017 58.365817 58.720637 59.072765 59.420997 59.762621 60.093862 60.410534 60.70861 60.984594 61.235703 61.4599 61.655841 61.822775 61.960432 62.06891 62.148579 62.2 62.223863 62.220938 62.192045 62.138029 62.05974 61.958023 61.833716 61.687644 61.520621
72.165514 71.327405 70.475746 69.617007 68.756778 67.898658 67.044137 66.193068 65.344278 64.49653 63.649671 62.807066 61.973033 61.141642 60.324079 59.486049 58.706851 57.777778 57.222222 56.666667 56.985297 56.870922 56.657072 56.517283 56.726654 56.926177 57.181346 57.448341 57.738735 58.045501 58.367993 58.699638 59.033824 59.367146 59.698279 60.026647 60.351427 60.67109 60.9833 61.285102 61.57326 61.844593 62.096239 62.325803 62.531424 62.711765 62.865961 62.993553 63.094412 63.168664 63.216632 63.238778 63.235663 63.207919 63.156223 63.081274 62.983782 62.86446 62.72402 62.563164
72.124063 71.236332 70.334208 69.427329 68.523919 67.628344 66.741409 65.861567 64.98551 64.109679 63.230848 62.356766 61.505783 60.639274 59.841173 58.888889 58.333333 57.777778 58.137381 58.127689 58.21909 58.210494 58.161512 58.159438 58.282943 58.456512 58.671353 58.911245 59.17257 59.450754 59.742432 60.043074 60.348213 60.654631 60.960242 61.263538 61.563054 61.857039 62.143346 62.419496 62.682848 62.9308 63.160957 63.371251 63.559997 63.725913 63.868089 63.985956 64.07923 64.147862 64.191991 64.211896 64.207968 64.180677 64.13055 64.058151 63.964065 63.848891 63.713229 63.55768
72.043095 71.096603 70.133824 69.170094 68.218722 67.284514 66.366349 65.460662 64.560473 63.659309 62.740207 61.81582 60.986306 60 59.444444 58.888889 59.227548 59.222671 59.349313 59.413863 59.479634 59.516464 59.543724 59.599576 59.712882 59.869577 60.060755 60.277612 60.514919 60.768376 61.034295 61.308938 61.588776 61.870891 62.152986 62.433164 62.709647 62.98058 63.243938 63.497539 63.739135 63.966521 64.177648 64.370707 64.544176 64.696845 64.827801 64.936414 65.022299 65.085283 65.125364 65.142681 65.137482 65.110101 65.060939 64.990436 64.899068 64.787325 64.655711 64.504728
71.927627 70.909367 69.86993 68.835507 67.83098 66.858939 65.912792 64.987891 64.069623 63.159574 62.186735 61.111111 60.555556 60 60.296719 60.276484 60.39395 60.463471 60.551486 60.626829 60.697114 60.759623 60.824368 60.908785 61.025873 61.174725 61.351306 61.550677 61.768626 62.001441 62.245757 62.49836 62.756254 63.016793 63.277696 63.536951 63.792674 64.042992 64.285986 64.519682 64.742104 64.951329 65.145568 65.323215 65.48289 65.623458 65.744026 65.843936 65.92274 65.980176 66.01614 66.030659 66.023868 65.99599 65.947314 65.878177 65.788954 65.680042 65.551852 65.4048
71.787065 70.678526 69.535385 68.404796 67.344262 66.340792 65.371082 64.441338 63.502995 62.654732 61.666667 61.111111 61.330984 61.294857 61.396026 61.455228 61.537765 61.615145 61.695855 61.774371 61.851821 61.929799 62.014312 62.114065 62.235771 62.380883 62.54797 62.734302 62.936879 63.152731 63.378991 63.612901 63.851856 64.093461 64.335547 64.576124 64.813314 65.04529 65.270235 65.486342 65.69183 65.884991 66.06423 66.228105 66.375355 66.504919 66.615934 66.707735 66.779838 66.831919 66.863801 66.875425 66.866835 66.838163 66.789605 66.721409 66.633864 66.52728 66.401991 66.258333
71.639523 70.416187 69.120937 67.835957 66.732587 65.7211 64.721477 63.835498 62.777778 62.222222 61.666667 62.081574 62.29467 62.383007 62.468196 62.541353 62.617578 62.694368 62.773358 62.853923 62.936905 63.024245 63.119694 63.227964 63.352806 63.495661 63.656103 63.832571 64.022963 64.224963 64.436195 64.654303 64.87701 65.102155 65.327718 65.551798 65.772587 65.988337 66.197338 66.397919 66.588458 66.76741 66.933334 67.084919 67.221007 67.340605 67.442888 67.527194 67.593021 67.640007 67.66792 67.676637 67.666133 67.636463 67.587749 67.520163 67.433917 67.329251 67.206425 67.065708
71.519313 70.157898 68.626154 67.014162 65.959505 65.020713 63.888889 63.333333 62.777778 63.064807 63.038911 63.184369 63.315037 63.406232 63.484459 63.556513 63.629005 63.703627 63.781568 63.863356 63.949916 64.042826 64.144441 64.257442 64.38398 64.525051 64.680508 64.84935 65.030043 65.220763 65.419542 65.624362 65.833223 66.044184 66.25538 66.465031 66.671427 66.872915 67.067895 67.254815 67.432184 67.59859 67.752716 67.893362 68.019456 68.130068 68.22441 68.301838 68.361841 68.404035 68.42815 68.434017 68.421555 68.390762 68.341695 68.274465 68.189219 68.086136 67.965414 67.827262
71.485255 69.999885 68.13695 65.555556 65 64.444444 63.888889 64.175798 64.101912 64.151747 64.17048 64.233819 64.307562 64.375443 64.440109 64.50457 64.571725 64.643056 64.719466 64.801574 64.890141 64.986255 65.091344 65.206921 65.334178 65.473662 65.625216 65.788074 65.961033 66.142602 66.331121 66.524847 66.722009 66.920858 67.119686 67.316837 67.510709 67.699756 67.882479 68.057436 68.223249 68.378616 68.522324 68.653265 68.770445 68.872991 68.960155 69.031312 69.085954 69.123688 69.144217 69.14734 69.132935 69.100952 69.051401 68.984339 68.899862 68.798095 68.679183 68.543285
