{
 "cells": [
  {
   "cell_type": "markdown",
   "metadata": {},
   "source": [
    "# FloPy\n",
    "\n",
    "### Zonbud Example 1\n",
    "\n",
    "This notebook demonstrates how to use the functions included in the zonbud utility to extract budget information from the cell by cell budget file using an array of zones.\n",
    "\n",
    "First set the path and import the required packages. The flopy path doesn't have to be set if you install flopy from a binary installer. If you want to run this notebook, you have to set the path to your own flopy path."
   ]
  },
  {
   "cell_type": "code",
   "execution_count": 1,
   "metadata": {
    "collapsed": false
   },
   "outputs": [],
   "source": [
    "%matplotlib inline\n",
    "from __future__ import print_function\n",
    "import os\n",
    "import platform\n",
    "import numpy as np\n",
    "import pandas as pd\n",
    "import matplotlib.pyplot as plt\n",
    "from flopy.utils import ZoneBudget\n",
    "\n",
    "# Set path to example datafiles\n",
    "zbudpath = os.path.join('..', 'data', 'zonbud_examples')"
   ]
  },
  {
   "cell_type": "markdown",
   "metadata": {},
   "source": [
    "### Create a ZoneBudget Object and Make Some Zones\n",
    "\n",
    "We create a simple numpy integer-array to define some zones for which we are interested in getting cell-by-cell budget information."
   ]
  },
  {
   "cell_type": "code",
   "execution_count": 2,
   "metadata": {
    "collapsed": false
   },
   "outputs": [
    {
     "name": "stdout",
     "output_type": "stream",
     "text": [
      "[u'WELLS', u'RIVER LEAKAGE', u'RECHARGE']\n",
      "[(0, 0)]\n",
      "(1L, 40L, 20L)\n"
     ]
    }
   ],
   "source": [
    "# Create ZoneBudget object\n",
    "cbc_file = os.path.join(zbudpath, 'freyberg.gitcbc')\n",
    "zb = ZoneBudget(cbc_file)\n",
    "\n",
    "print(zb.ssst_record_names)\n",
    "print(zb.get_kstpkper())\n",
    "print(zb.get_model_shape())"
   ]
  },
  {
   "cell_type": "code",
   "execution_count": 3,
   "metadata": {
    "collapsed": false
   },
   "outputs": [
    {
     "name": "stdout",
     "output_type": "stream",
     "text": [
      "[1 2 3 4]\n"
     ]
    },
    {
     "data": {
      "image/png": "iVBORw0KGgoAAAANSUhEUgAAAL4AAAEACAYAAAANw8wsAAAABHNCSVQICAgIfAhkiAAAAAlwSFlz\nAAALEgAACxIB0t1+/AAAE/9JREFUeJzt3XusHOV5x/Hvz/bBmIsJl9okOHAE4dJwM6hxkoKS45SL\noVVBSCXBFeHSIP7AaaRGLRc1MlRIJRVxWgo0xVBqqkSQQilGDWAQHCIIBnO/X5NjsIOPbTDg2zn4\nHD/9Y+bg9Xpnd7yz75zZmecjjbyX2fd9Qc+Zfffd2d/IzHCuaiaM9wCcGw9e+K6SvPBdJXnhu0ry\nwneV5IXvKskL33UFSRMkPStpccLz10l6S9Lzkma2as8L33WLHwCvNnpC0mnAIWZ2KHAx8LNWjXnh\nu8KTNAM4Hbg5YZczgNsAzOxJYC9J05u1manwJc2R9LqkNyVdmqUt55r4KfC3QNJpBgcA79XcXxk/\nlqjtwpc0AbgeOBU4EjhH0hHttudcI5L+FBg0s+cBxVtmkzK8dhbwlpktB5B0O9Fbzuu1O0nyk4G6\nnJm1XWyfk+zj9LsPmtn+dY+dAPy5pNOBKcCekm4zs+/W7LMS+GLN/RnxY4myFH7928sKoj+GBubH\n//YDfRm63FkB++vdFw6dDodOg8OmR9u918ElV4bpr94NV+bT11HZDrAfA1en3PfvYYd5uZldAVwB\nIOmbwA/rih5gMXAJcIekrwEfmdlgs76yFP5O6I//HYi33ny6dTvvqX5Y1t/RJns62lpE0sWAmdlN\nZvYrSadLehvYCFzQ6vVZCn8lcGDN/SZvL33xv/140RfcrL5oG/NvV2VuslNHVzN7FHg0vv3vdc/N\ny2tMy4AvSToIeB/4DnBO85f0ZuiuHTn395W+cvaV0ZTxHkADbRe+mY1KmgcsIVodusXMXmv+qt52\nu2tTzv3VHinL1FdGIaY6WWV6FzKz+4HDOzQWV1I5fZDcKUUckyuZ0h3xnUujiEVWxDG5kvEjvqsk\nL3xXSaVaznQurSIWWRHH5ErGpzqukopYZEUckysZP+K7SipikRVxTK5k/IjvKsmXM10l+RHfVVIR\ni6yIY3Il05O2ykaCDmM7XvguuEle+K6KeiaO9wh25IXvgkt9xM9RAYfkyqZncvuvlTQZ+DWwC1G9\n3mlmO0Q/SOojihrsAdaY2exm7WYqfEkDRJlBW4EtZpYQKOUqLUOVmdmwpNlmtknSROBxSfeZ2VNj\n+0jaC7gBOMXMVkraL+CQgKjg+8xsXcZ2XJllrDIz2xTfnBy3Vh9LORe4y8xWxvuvbdVm1phwdaAN\nV3aTUm4J4otCPAesAh40s2V1uxwG7CPpEUnLJJ2bZkhZGPCgpFHgJjNbmLE9V0YJqzr9m6B/c+uX\nm9lW4DhJU4H/lfRlM6u9SMQk4HjgW8DuwBOSnjCzt5PazFr4J5jZ+5L+gOgP4DUze2zH3fprbvfi\nMYIFFiA7M6nK+qZG25irPmzejJl9IukRYA7bXx1lBbDWzIaAIUm/Bo4FwhS+mb0f/7tG0t1EackN\nCr8vSzcuTwGyM8m2qrMf0cLJx5KmACcD19Ttdg/wr/GH38nAV4EFzdptu/Al7QZMMLMNknYHTgE6\n8H/JlU62ecXngUXxhUgmAHfE6ci1acmvS3oAeBEYm3Y3vF5WJ4Y0Hbg7vvDDJODnZrYkQ3uurLIt\nZ75ENH+vf7w+Lfla4NrgQzKz3wEtL6voXNKH2/Hk39y68ApYZQUckiudAlZZAYfkSqeAVVbAIbnS\nybCcGYoXvguvgFVWwCG50vFVHVdJBayyAg7JlU4Bq6yAQ3Kl41MdV0kFrLICDsmVzq7jPYAdeeG7\n8Hyq4yqpgFVWwCG50ilglRVwSK50fKrjKqmAVVbAIbnSKWCVFXBIrnT87ExXSQWsspYpaJJukTQo\n6cWax/aWtETSG5IeiLMLnWssY5JaCGni/24FTq177DLgITM7HHgYuLzTA3MlMjHl1oCkyZKelPSc\npJckzW+wz1xJL8TbY5KObjWkloUfJ6PVh8KeASyKby8CzmzVjquwDEd8MxsGZpvZcUSpHqdJqk/l\n/i3wDTM7FrgaaBll2e4bzDQzG4wHtkrStDbbcVUQOC3ZzJbW3F0KHBB4SNv6bv50f83tXjw7s8BC\nZGdm/AIrTlF7BjgEuKFBWnKt7wH3tWqz3cIflDTdzAYl7Q+sbr57X5vduNyFyM5MODuz/9VoayVF\nWjIAkmYDFwAntmozbeEr3sYsBs4HfgycRxTa6VxjSWnJx0TbmKvuat5Mk7RkJB0D3ATMSXOhkjTL\nmb8AfgMcJuldSRcQpdWeLOkN4E/YMb3WuW2yrersN7ZcXpOW/HrdPgcCdwHnmtk7aYbU8ohvZnMT\nnjopTQfOhU5LBn4E7APcKEmkuB5bAb9Tc6UTOC3ZzC4CLsppSM6l5Kclu0ry39y6SvIjvqukAlZZ\nAYfkSqeAVVbAIbnSKWCVFXBIrnR8ju8qqYBVVsAhudLx39y6SipglRVwSK50ClhlBRySK50CVlkB\nh+TKxnxVx1XRaAGrrIBDcmXjhe8qaXjyLin3/DToOGp54bvgRicWb5Lvhe+CGy3gOQvtZmfOl7RC\n0rPxNifsMF03G2Fiqi1P7WZnAiwws+Pj7f4Oj8uVyCiTUm15ajc7E7bP2XEu0SgTU22NSJoh6WFJ\nr8ShsX/dYJ+pkhZLej7e5/xWY0pzxE8yL+7oZo8Jd81kKXxgBPgbMzsS+DpwiaQj6va5BHjFzGYC\ns4GfSGr6FtLu+8uNwD+YmUm6GlgA/FXy7v01t3vx7MwCC5CdOUza5cwdmdkqYFV8e4Ok14hCYWtD\npQzYM769J/CBmY00a7etwjezNTV3FwL3Nn9FXzvduPEQIDuzU/N3Sb1EUeFP1j11PbBY0u+BPYBv\nt2or7VRnu+zMOCh2zFnAyynbcRWUcaoDgKQ9gDuBH5jZhrqnTwWeM7MvAMcBN8T7J2r5pxhnZ/YB\n+0p6F5gPzJY0E9gKDAAXt2rHVVdSUT/dv5Gn+zc1fK5WPF+/E/gvM2sUUHwB8I8AZvaOpN8BRwBP\nJ7XZbnbmrS1H61wsaY1+Zt9UZvZN/ez+TVetTWriP4BXzexfEp5fTpTl+rik6cBhRFdJSeTf3Lrg\nsszxJZ0A/CXwkqTniD7IXgEcxLbQ2KuB/6z5kvXvzOzDZu164bvgspyyYGaP0yKnwczep/GXrIm8\n8F1wn2ZYzgzFC98Fl/d5OGl44bvg8j4PJ43ijciVThFPS/bCd8F54btK8jm+q6RPC5gh6IXvgvOp\njqskn+q4SvLlTFdJPtVxleSF7yrJC99V0rAvZ7oqquwRf4/dh/PoJle26zA2aTOmTdjIRmxoPbax\nZ7yH1XGdiHGtbOEffcTqPLrJ1cjew2zZazNbtIEtGz7i09+vZWTj1NYv7DIrOtBGV67jS5oB3AZM\nJ/px+UIzu07S3sAdRD8BGwDONrOPG7VxzJcHOzbgohjq2cDmnvVs1jo2r5/KpuE9GR7cfbyH1XGd\nKPxuXccfS7J6Po5seEbSEqJftj9kZv8k6VLgcuCyRg0c84flK/wNw7uyfvM61g/txvr1U/hkaDc2\nDRfvQ1wRdOVUJyHJagZwBvDNeLdFRHFplSn8jz/oYd3qHj5c3cO69buwbnUPn3xYvCNbEXRl4deq\nSbJaCkw3s0GI/jgkTUt6XRnn+B8sF2uGxJo1E1izQey6Uuy6wnN0G8kSIRhK6sKvT7KSZHW71N//\nzE8XblvV6fs69P3xzg6zeLbsBkM9sAnYOAJThmBzfb5XFxqIt07KGC/S8DNmwr5fAX4DfNvM/qdZ\nu6lGlJBkNShpupkNxpGCiYf1K3+YphdXBL1sH+n7aAfazDjVafgZ08xqQ2ORNAG4BnggTaNpszMb\nJVktBs6Pb58HNIp2cy5TdqaZrTKz5+PbG4CxtOR63yc6OKeaV6dZzkxKsvox8EtJFxJFuJ2dpkNX\nPZ1ax09KS5b0BeBMM5staVaattKs6jRLsjopTSeu2jqxjt8iLfmfgUtrd2/Vnq+/ueCSpjHv97/J\nqv43W74+RVryHwG3SxKwH3CapC1mtjipTS98F1xShOC+fUexb99Rn91/4ar/S2qiaVqymR08dlvS\nrcC9zYoevPBdDrLM8VOmJddKXFav5YXvgssyx0+Tlly3/4Vp9vPCd8F1/SkLzrXDC99VUleej+9c\nVt16Pr5zmfgVUVwl+VTHVZJPdVwl+aqOqyQvfFdJXviukjxC0FWSH/FdJXnhu0oq4jp+yx+bS5oh\n6WFJr0h6SdL348fnS1oh6dl4mxN+uK4bjTIp1ZandiMEH4yfW2BmC8INz5VBV051EiIEx+IdPDrM\ntdSVhV+rLt7hRGCepHOBp4EfJqUlu2ob/rR4J6mlDZRqFO9wI3Cwmc0kekfwKY9raHRkUqotT21H\nCJrZmppdFgL3Jr3+yp9su12W7MyyGiBAduZI9051doh3kLR/PP8HOAt4OenFnp3ZPXoJkJ3ZjYXf\nJN5hrqSZRAm2A8DFAcfputjIlkzxIqnSkiVdB5wGbATOH8vbTJIlQvD+FON2jq2jmebvLdOSJZ0G\nHGJmh0r6KvAz4GvNGvVvbl14GaY6TZbTa2PCzyB6V8DMnpS011iEfVK7XvguvKHOlFlSWjLRH8J7\nNfdXxo954btxNJLw+FP9sKw/VRMt0pJ3mhe+Cy+p8I/vi7YxN17VcLcUackrgS/W3J8RP5Yo9RdY\nzrVtJOWWrGlaMtHVeb4LIOlrwEfN5vfgR3yXhy3tvzRNWrKZ/UrS6ZLeJlrOvKBVu174LrzR9l+a\nNi3ZzObtTLte+C685tOYceGF78IbGu8B7MgL34XnR3xXSV74rpK88F0lZVjODMUL34WXYTkzFC98\nF55PdVwl+XKmqyQ/4rtK8sJ3lVTAwk+TnTlZ0pOSnouzM+fHj+8taYmkNyQ9IGmv8MN1XWlLyi1H\nLQvfzIaB2WZ2HNHPvk6TNAu4DHjIzA4HHgYuDzpS171GU245SvVDFDPbFN+cTDQ9MqIf+C6KH18E\nnNnx0blyGEq55ShV4UuaEP8IYBXwoJktAz77FXv8S/hp4Ybpulr2X2B1XKoPt2a2FThO0lTgbklH\nEh31t9ut04NzJdHtpyyY2SeS+oE5wOBYdomk/YHVSa/z7MzuMUDnszO78pQFSfsBW8zsY0lTgJOB\na4h+4Hs+8GPgPKDRr98Bz87sJr10PjuziMuZaY74nwcWSZpA9JngjvjHvUuBX0q6EFgOnB1wnK6b\ndWPhm9lLwPENHv8QOCnEoFzJFHCO77k6LrzhlFsCSbdIGpT0YpN9+uIvWV+W9EirIXnhu/CyL2fe\nCpya9GR81sANwJ+Z2VHAX7Qakp+r48LLONUxs8ckHdRkl7nAXWa2Mt5/bas2/Yjvwgt/ysJhwD6S\nHpG0LL4gYVN+xHfhJU1j1vbDB/2d6GES0QLMt4DdgSckPWFmbzd7gXNhJRX+5/qibcybjdOSU1gB\nrDWzIWBI0q+BY4HEwvepjguvM6cli+QLit8DnChpoqTdgK8CrzVrzI/4LrwmS5VpSPoF0AfsK+ld\nYD6wC9vSkl+X9ADwItGnhZvM7NVmbXrhu/AyfnNrZnNT7HMtcG3aNr3wXXgF/ObWC9+F141nZzqX\nWTeepOZcZl74rpJ8ju8qKeNyZghe+C48n+q4SvKpjqskX850lVTAqU6W7Mz5klZIejbe5oQfrutK\n3RgoZWbDkmab2SZJE4HHJd0XP73AzBaEHaLret06x0/IzoTk00Sd26YbpzqQmJ0JME/S85Ju9phw\n103SpiVvjWPCZwCzJH0ZuBE42MxmEv1B+JTHdY22szPr5vYLgXuTXufZmd1jgADZmQXUdnampP3j\neHCAs4CXk9rw7Mzu0UuA7MwCfrrNkp15m6SZwFaig8TF4YbpulvxPt1myc78bpARuRLqziO+cxlt\nHu8B7MAL3+WgeEd8z9VxOch2zkKrtGRJcyW9EG+PSTq61Yi88F0OMidKNU1LBn4LfMPMjgWuJlpe\nb8qnOi4H2VZ1WqUlm9nSmrtLgQNatemF73KQ6xz/e8B9rXbywnc5SFrVeQZ4tmO9SJoNXACc2Gpf\nL3yXg6SpzrHxNuaWtnuQdAxwE9HpNOta7e+F73LQkalOYlqypAOBu4BzzeydNI154bscZPtw2yot\nGfgRsA9woyQRnVs2q1mbXvguB9mO+K3Sks3sIuCinWnTC9/loAtPUnMuu+KdsuCF73LgJ6m5SvIj\nvqskn+O7SireET/XszP7f5Nnb/n3N1DSvrIrXpRavoX/RJ695d/fQEn7yq4zF7rtJJ/quBz4HN9V\nUvGWM2VmrffK0oEUtgMXnJm1nZEqaQBI/BFJneVm1ttuXzsjeOE7V0T+m1tXSV74rpJyKXxJcyS9\nLulNSZfm0N9AHDXxnKSnArS/Q9yFpL0lLZH0hqQHOhmbntCfX5Emg+CFH2duXk8UD3EkcI6kIwJ3\nuxXoM7PjWv0goU2N4i4uAx4ys8OBh4HLA/cH0RVpjo+3+zvYX+nlccSfBbxlZsvNbAtwO3BG4D5F\nwP82M3sMqP9d5xnAovj2IuDMwP2BX5GmbXkU/gHAezX3V5Ai9yQjAx6UtEzSTv0yJ4NpZjYIEMen\nT8uhT78iTZvK+uH2BDM7HjgduERSy7iJAEKvE/sVaTLIo/BXAgfW3J8RPxaMmb0f/7sGuJtouhXa\noKTpAJL2B1aH7MzM1ti2L2EWAl8J2V/Z5FH4y4AvSTpI0i7Ad4DFoTqTtJukPeLbuwOn0ORqLVm6\nYvs59mLg/Pj2ecA9IfuL/7jGNL0ijdtR8HN1zGxU0jxgCdEf2i1m9lrALqcDd8enSkwCfm5mSzrZ\nQULcxTXAf0u6EFgOnB24v9l+RZr2+SkLrpLK+uHWuaa88F0leeG7SvLCd5Xkhe8qyQvfVZIXvqsk\nL3xXSf8PW713NTxO3iIAAAAASUVORK5CYII=\n",
      "text/plain": [
       "<matplotlib.figure.Figure at 0x3afae10>"
      ]
     },
     "metadata": {},
     "output_type": "display_data"
    }
   ],
   "source": [
    "# Define some very interesting zones\n",
    "nlay, nrow, ncol = zb.get_model_shape()\n",
    "zon = np.zeros((nlay, nrow, ncol), np.int32)\n",
    "zon[0, :20, :10] = 1\n",
    "zon[0, :20, 10:] = 2\n",
    "zon[0, 20:, :10] = 3\n",
    "zon[0, 20:, 10:] = 4\n",
    "\n",
    "im = plt.imshow(zon[0, :, :], )\n",
    "cbar = plt.colorbar(im)\n",
    "print(np.unique(zon))"
   ]
  },
  {
   "cell_type": "markdown",
   "metadata": {},
   "source": [
    "### Extract Budget Information from ZoneBudget Object\n",
    "\n",
    "We use the `get_budget()` method of the ZoneBudget object to return a Budget object, which is a thin wrapper around a numpy record array."
   ]
  },
  {
   "cell_type": "code",
   "execution_count": 4,
   "metadata": {
    "collapsed": true
   },
   "outputs": [],
   "source": [
    "bud = zb.get_budget(zon, kstpkper=(0, 0))"
   ]
  },
  {
   "cell_type": "code",
   "execution_count": 5,
   "metadata": {
    "collapsed": false
   },
   "outputs": [
    {
     "name": "stdout",
     "output_type": "stream",
     "text": [
      "[('flow_dir', 'S3'), ('record', 'S20'), ('ZONE 1', '<f8'), ('ZONE 2', '<f8'), ('ZONE 3', '<f8'), ('ZONE 4', '<f8')]\n",
      "[('IN', 'CONSTANT HEAD', 0.0, 0.0, 0.0, 0.0)\n",
      " ('IN', 'WELLS', 0.0, 0.0, 0.0, 0.0)\n",
      " ('IN', 'RIVER LEAKAGE', 0.0, 0.004194190260022879, 0.0, 0.0)\n",
      " ('IN', 'RECHARGE', 0.015300000726711005, 0.020000000949949026, 0.015900000755209476, 0.01830000086920336)\n",
      " ('IN', 'FROM ZONE 1', 0.0, 0.013101870426908135, 0.0028348490013740957, 0.0)\n",
      " ('IN', 'FROM ZONE 2', 0.0, 0.0, 0.0, 0.001225714382599108)\n",
      " ('IN', 'FROM ZONE 3', 0.0006367169262375683, 0.0, 0.0, 0.013000612932955846)\n",
      " ('IN', 'FROM ZONE 4', 0.0, 0.001146163951489143, 0.0, 0.0)\n",
      " ('OUT', 'CONSTANT HEAD', 0.0, 0.0, 0.0035475197073537856, 0.0011877618562721182)\n",
      " ('OUT', 'WELLS', 0.0, 0.01619999995455146, 0.0015499999863095582, 0.00430000014603138)\n",
      " ('OUT', 'RIVER LEAKAGE', 0.0, 0.02101684292574646, 0.0, 0.025892717123497277)\n",
      " ('OUT', 'RECHARGE', 0.0, 0.0, 0.0, 0.0)\n",
      " ('OUT', 'TO ZONE 1', 0.0, 0.0, 0.0006367169262375683, 0.0)\n",
      " ('OUT', 'TO ZONE 2', 0.013101870426908135, 0.0, 0.0, 0.001146163951489143)\n",
      " ('OUT', 'TO ZONE 3', 0.0028348490013740957, 0.0, 0.0, 0.0)\n",
      " ('OUT', 'TO ZONE 4', 0.0, 0.001225714382599108, 0.013000612932955846, 0.0)]\n"
     ]
    }
   ],
   "source": [
    "# Get the budget record array\n",
    "records = bud.get_records()\n",
    "print(records.dtype)\n",
    "print(records)"
   ]
  },
  {
   "cell_type": "code",
   "execution_count": 6,
   "metadata": {
    "collapsed": false
   },
   "outputs": [
    {
     "name": "stdout",
     "output_type": "stream",
     "text": [
      "[('flow_dir', 'S3'), ('record', 'S20'), ('ZONE 1', '<f8'), ('ZONE 3', '<f8')]\n",
      "[[('IN', 'RECHARGE', 0.015300000726711005, 0.015900000755209476)]\n",
      " [('IN', 'FROM ZONE 1', 0.0, 0.0028348490013740957)]\n",
      " [('IN', 'FROM ZONE 3', 0.0006367169262375683, 0.0)]]\n"
     ]
    }
   ],
   "source": [
    "# Pass a list of (flow_dir, record name) tuples and/or zones to get a subset of the entire budget\n",
    "recordlist = [('IN', 'RECHARGE'), ('IN', 'FROM ZONE 1'), ('IN', 'FROM ZONE 3')]\n",
    "records = bud.get_records(recordlist=recordlist, zones=[1, 3])\n",
    "print(records.dtype)\n",
    "print(records)"
   ]
  },
  {
   "cell_type": "code",
   "execution_count": 7,
   "metadata": {
    "collapsed": false
   },
   "outputs": [
    {
     "data": {
      "text/html": [
       "<div>\n",
       "<table border=\"1\" class=\"dataframe\">\n",
       "  <thead>\n",
       "    <tr style=\"text-align: right;\">\n",
       "      <th></th>\n",
       "      <th></th>\n",
       "      <th>ZONE 1</th>\n",
       "      <th>ZONE 2</th>\n",
       "      <th>ZONE 3</th>\n",
       "      <th>ZONE 4</th>\n",
       "    </tr>\n",
       "    <tr>\n",
       "      <th>flow_dir</th>\n",
       "      <th>record</th>\n",
       "      <th></th>\n",
       "      <th></th>\n",
       "      <th></th>\n",
       "      <th></th>\n",
       "    </tr>\n",
       "  </thead>\n",
       "  <tbody>\n",
       "    <tr>\n",
       "      <th rowspan=\"8\" valign=\"top\">IN</th>\n",
       "      <th>CONSTANT HEAD</th>\n",
       "      <td>0.000000</td>\n",
       "      <td>0.000000</td>\n",
       "      <td>0.000000</td>\n",
       "      <td>0.000000</td>\n",
       "    </tr>\n",
       "    <tr>\n",
       "      <th>FROM ZONE 1</th>\n",
       "      <td>0.000000</td>\n",
       "      <td>0.013102</td>\n",
       "      <td>0.002835</td>\n",
       "      <td>0.000000</td>\n",
       "    </tr>\n",
       "    <tr>\n",
       "      <th>FROM ZONE 2</th>\n",
       "      <td>0.000000</td>\n",
       "      <td>0.000000</td>\n",
       "      <td>0.000000</td>\n",
       "      <td>0.001226</td>\n",
       "    </tr>\n",
       "    <tr>\n",
       "      <th>FROM ZONE 3</th>\n",
       "      <td>0.000637</td>\n",
       "      <td>0.000000</td>\n",
       "      <td>0.000000</td>\n",
       "      <td>0.013001</td>\n",
       "    </tr>\n",
       "    <tr>\n",
       "      <th>FROM ZONE 4</th>\n",
       "      <td>0.000000</td>\n",
       "      <td>0.001146</td>\n",
       "      <td>0.000000</td>\n",
       "      <td>0.000000</td>\n",
       "    </tr>\n",
       "    <tr>\n",
       "      <th>RECHARGE</th>\n",
       "      <td>0.015300</td>\n",
       "      <td>0.020000</td>\n",
       "      <td>0.015900</td>\n",
       "      <td>0.018300</td>\n",
       "    </tr>\n",
       "    <tr>\n",
       "      <th>RIVER LEAKAGE</th>\n",
       "      <td>0.000000</td>\n",
       "      <td>0.004194</td>\n",
       "      <td>0.000000</td>\n",
       "      <td>0.000000</td>\n",
       "    </tr>\n",
       "    <tr>\n",
       "      <th>WELLS</th>\n",
       "      <td>0.000000</td>\n",
       "      <td>0.000000</td>\n",
       "      <td>0.000000</td>\n",
       "      <td>0.000000</td>\n",
       "    </tr>\n",
       "    <tr>\n",
       "      <th rowspan=\"8\" valign=\"top\">OUT</th>\n",
       "      <th>CONSTANT HEAD</th>\n",
       "      <td>0.000000</td>\n",
       "      <td>0.000000</td>\n",
       "      <td>0.003548</td>\n",
       "      <td>0.001188</td>\n",
       "    </tr>\n",
       "    <tr>\n",
       "      <th>RECHARGE</th>\n",
       "      <td>0.000000</td>\n",
       "      <td>0.000000</td>\n",
       "      <td>0.000000</td>\n",
       "      <td>0.000000</td>\n",
       "    </tr>\n",
       "    <tr>\n",
       "      <th>RIVER LEAKAGE</th>\n",
       "      <td>0.000000</td>\n",
       "      <td>0.021017</td>\n",
       "      <td>0.000000</td>\n",
       "      <td>0.025893</td>\n",
       "    </tr>\n",
       "    <tr>\n",
       "      <th>TO ZONE 1</th>\n",
       "      <td>0.000000</td>\n",
       "      <td>0.000000</td>\n",
       "      <td>0.000637</td>\n",
       "      <td>0.000000</td>\n",
       "    </tr>\n",
       "    <tr>\n",
       "      <th>TO ZONE 2</th>\n",
       "      <td>0.013102</td>\n",
       "      <td>0.000000</td>\n",
       "      <td>0.000000</td>\n",
       "      <td>0.001146</td>\n",
       "    </tr>\n",
       "    <tr>\n",
       "      <th>TO ZONE 3</th>\n",
       "      <td>0.002835</td>\n",
       "      <td>0.000000</td>\n",
       "      <td>0.000000</td>\n",
       "      <td>0.000000</td>\n",
       "    </tr>\n",
       "    <tr>\n",
       "      <th>TO ZONE 4</th>\n",
       "      <td>0.000000</td>\n",
       "      <td>0.001226</td>\n",
       "      <td>0.013001</td>\n",
       "      <td>0.000000</td>\n",
       "    </tr>\n",
       "    <tr>\n",
       "      <th>WELLS</th>\n",
       "      <td>0.000000</td>\n",
       "      <td>0.016200</td>\n",
       "      <td>0.001550</td>\n",
       "      <td>0.004300</td>\n",
       "    </tr>\n",
       "  </tbody>\n",
       "</table>\n",
       "</div>"
      ],
      "text/plain": [
       "                          ZONE 1    ZONE 2    ZONE 3    ZONE 4\n",
       "flow_dir record                                               \n",
       "IN       CONSTANT HEAD  0.000000  0.000000  0.000000  0.000000\n",
       "         FROM ZONE 1    0.000000  0.013102  0.002835  0.000000\n",
       "         FROM ZONE 2    0.000000  0.000000  0.000000  0.001226\n",
       "         FROM ZONE 3    0.000637  0.000000  0.000000  0.013001\n",
       "         FROM ZONE 4    0.000000  0.001146  0.000000  0.000000\n",
       "         RECHARGE       0.015300  0.020000  0.015900  0.018300\n",
       "         RIVER LEAKAGE  0.000000  0.004194  0.000000  0.000000\n",
       "         WELLS          0.000000  0.000000  0.000000  0.000000\n",
       "OUT      CONSTANT HEAD  0.000000  0.000000  0.003548  0.001188\n",
       "         RECHARGE       0.000000  0.000000  0.000000  0.000000\n",
       "         RIVER LEAKAGE  0.000000  0.021017  0.000000  0.025893\n",
       "         TO ZONE 1      0.000000  0.000000  0.000637  0.000000\n",
       "         TO ZONE 2      0.013102  0.000000  0.000000  0.001146\n",
       "         TO ZONE 3      0.002835  0.000000  0.000000  0.000000\n",
       "         TO ZONE 4      0.000000  0.001226  0.013001  0.000000\n",
       "         WELLS          0.000000  0.016200  0.001550  0.004300"
      ]
     },
     "execution_count": 7,
     "metadata": {},
     "output_type": "execute_result"
    }
   ],
   "source": [
    "# View the budget as a Pandas DataFrame\n",
    "records = bud.get_records()\n",
    "df = pd.DataFrame(records)\n",
    "df = df.set_index(['flow_dir', 'record']).sort_index()  # sort multi-index so we can slice it later\n",
    "df"
   ]
  },
  {
   "cell_type": "code",
   "execution_count": 8,
   "metadata": {
    "collapsed": false,
    "scrolled": true
   },
   "outputs": [
    {
     "data": {
      "text/plain": [
       "flow_dir  record  \n",
       "IN        RECHARGE    0.0342\n",
       "dtype: float64"
      ]
     },
     "execution_count": 8,
     "metadata": {},
     "output_type": "execute_result"
    }
   ],
   "source": [
    "# Look at recharge in zones 3 and 4\n",
    "df.loc[(['IN'], ['RECHARGE']), ['ZONE 3', 'ZONE 4']].sum(axis=1)  # axis=1 to sum along rows"
   ]
  },
  {
   "cell_type": "code",
   "execution_count": 9,
   "metadata": {
    "collapsed": false
   },
   "outputs": [
    {
     "data": {
      "text/plain": [
       "0.015936719428282231"
      ]
     },
     "execution_count": 9,
     "metadata": {},
     "output_type": "execute_result"
    }
   ],
   "source": [
    "# Look at all outflow from zone 1\n",
    "df.loc[(['OUT'], slice(None)), 'ZONE 1'].sum()"
   ]
  },
  {
   "cell_type": "code",
   "execution_count": 10,
   "metadata": {
    "collapsed": false
   },
   "outputs": [
    {
     "data": {
      "text/plain": [
       "flow_dir  record   \n",
       "OUT       TO ZONE 2    0.014248\n",
       "dtype: float64"
      ]
     },
     "execution_count": 10,
     "metadata": {},
     "output_type": "execute_result"
    }
   ],
   "source": [
    "# Look at flow to zone 2\n",
    "df.loc[(slice(None), ['TO ZONE 2']), :].sum(axis=1)  # axis=1 to sum along rows"
   ]
  },
  {
   "cell_type": "markdown",
   "metadata": {},
   "source": [
    "We can use the Budget object to look at the mass-balance:"
   ]
  },
  {
   "cell_type": "code",
   "execution_count": 11,
   "metadata": {
    "collapsed": false
   },
   "outputs": [
    {
     "name": "stdout",
     "output_type": "stream",
     "text": [
      "[ ('INFLOW', 0.015936717652948573, 0.03844222558836918, 0.01873484975658357, 0.03252632818475831)\n",
      " ('OUTFLOW', 0.01593671942828223, 0.038442557262897026, 0.018734849552856758, 0.03252664307728992)\n",
      " ('ERROR', -1.1139894661101299e-05, -0.0008627832856969281, 1.0874216604444852e-06, -0.0009681111423396122)]\n",
      "[('INFLOW', 0.015936717652948573, 0.01873484975658357)\n",
      " ('OUTFLOW', 0.01593671942828223, 0.018734849552856758)\n",
      " ('ERROR', -1.1139894661101299e-05, 1.0874216604444852e-06)]\n"
     ]
    }
   ],
   "source": [
    "# Look at all of the mass-balance records\n",
    "print(bud.get_mass_balance())\n",
    "\n",
    "# Look at the mass-balance for just zones 1 and 3\n",
    "print(bud.get_mass_balance(zones=[1, 3]))"
   ]
  },
  {
   "cell_type": "code",
   "execution_count": 12,
   "metadata": {
    "collapsed": false
   },
   "outputs": [
    {
     "name": "stdout",
     "output_type": "stream",
     "text": [
      "[ -1.11398947e-05  -8.62783286e-04   1.08742166e-06  -9.68111142e-04]\n",
      "[ 0.01593672  0.01873485]\n"
     ]
    }
   ],
   "source": [
    "# Look at just the percent error record\n",
    "print(bud.get_percent_error())\n",
    "\n",
    "# Look at the total inflow for zones 1 and 3\n",
    "print(bud.get_total_inflow(zones=[1, 3]))"
   ]
  },
  {
   "cell_type": "code",
   "execution_count": 13,
   "metadata": {
    "collapsed": false
   },
   "outputs": [
    {
     "data": {
      "text/html": [
       "<div>\n",
       "<table border=\"1\" class=\"dataframe\">\n",
       "  <thead>\n",
       "    <tr style=\"text-align: right;\">\n",
       "      <th></th>\n",
       "      <th>ZONE 1</th>\n",
       "      <th>ZONE 2</th>\n",
       "      <th>ZONE 3</th>\n",
       "      <th>ZONE 4</th>\n",
       "    </tr>\n",
       "    <tr>\n",
       "      <th>record</th>\n",
       "      <th></th>\n",
       "      <th></th>\n",
       "      <th></th>\n",
       "      <th></th>\n",
       "    </tr>\n",
       "  </thead>\n",
       "  <tbody>\n",
       "    <tr>\n",
       "      <th>INFLOW</th>\n",
       "      <td>0.015937</td>\n",
       "      <td>0.038442</td>\n",
       "      <td>0.018735</td>\n",
       "      <td>0.032526</td>\n",
       "    </tr>\n",
       "    <tr>\n",
       "      <th>OUTFLOW</th>\n",
       "      <td>0.015937</td>\n",
       "      <td>0.038443</td>\n",
       "      <td>0.018735</td>\n",
       "      <td>0.032527</td>\n",
       "    </tr>\n",
       "    <tr>\n",
       "      <th>ERROR</th>\n",
       "      <td>-0.000011</td>\n",
       "      <td>-0.000863</td>\n",
       "      <td>0.000001</td>\n",
       "      <td>-0.000968</td>\n",
       "    </tr>\n",
       "  </tbody>\n",
       "</table>\n",
       "</div>"
      ],
      "text/plain": [
       "           ZONE 1    ZONE 2    ZONE 3    ZONE 4\n",
       "record                                         \n",
       "INFLOW   0.015937  0.038442  0.018735  0.032526\n",
       "OUTFLOW  0.015937  0.038443  0.018735  0.032527\n",
       "ERROR   -0.000011 -0.000863  0.000001 -0.000968"
      ]
     },
     "execution_count": 13,
     "metadata": {},
     "output_type": "execute_result"
    }
   ],
   "source": [
    "# View the mass-balance as a Pandas DataFrame\n",
    "mb = bud.get_mass_balance()\n",
    "mb = pd.DataFrame(mb).set_index(['record'])\n",
    "mb"
   ]
  },
  {
   "cell_type": "code",
   "execution_count": 14,
   "metadata": {
    "collapsed": false
   },
   "outputs": [
    {
     "data": {
      "text/plain": [
       "ZONE 1    0.015937\n",
       "ZONE 3    0.018735\n",
       "Name: INFLOW, dtype: float64"
      ]
     },
     "execution_count": 14,
     "metadata": {},
     "output_type": "execute_result"
    }
   ],
   "source": [
    "mb.loc['INFLOW'][['ZONE 1', 'ZONE 3']]"
   ]
  },
  {
   "cell_type": "markdown",
   "metadata": {},
   "source": [
    "### Write Budget Output to CSV\n",
    "\n",
    "We can write the resulting recarray to a csv with the .to_csv() method of the Budget object."
   ]
  },
  {
   "cell_type": "code",
   "execution_count": 15,
   "metadata": {
    "collapsed": false
   },
   "outputs": [],
   "source": [
    "bud.to_csv(os.path.join(zbudpath, 'zbud.csv'), write_format='zonbud')\n",
    "bud.to_csv(os.path.join(zbudpath, 'zbud_pandas.csv'), write_format='pandas')"
   ]
  },
  {
   "cell_type": "code",
   "execution_count": 16,
   "metadata": {
    "collapsed": false
   },
   "outputs": [
    {
     "name": "stdout",
     "output_type": "stream",
     "text": [
      "flow_dir         record        ZONE 1        ZONE 2        ZONE 3        ZONE 4\n",
      "     IN  CONSTANT HEAD  0.000000e+00  0.000000e+00  0.000000e+00  0.000000e+00\n",
      "     IN          WELLS  0.000000e+00  0.000000e+00  0.000000e+00  0.000000e+00\n",
      "     IN  RIVER LEAKAGE  0.000000e+00  4.194190e-03  0.000000e+00  0.000000e+00\n",
      "     IN       RECHARGE  1.530000e-02  2.000000e-02  1.590000e-02  1.830000e-02\n",
      "     IN    FROM ZONE 1  0.000000e+00  1.310187e-02  2.834849e-03  0.000000e+00\n",
      "     IN    FROM ZONE 2  0.000000e+00  0.000000e+00  0.000000e+00  1.225714e-03\n",
      "     IN    FROM ZONE 3  6.367169e-04  0.000000e+00  0.000000e+00  1.300061e-02\n",
      "     IN    FROM ZONE 4  0.000000e+00  1.146164e-03  0.000000e+00  0.000000e+00\n",
      "              Total IN  1.593672e-02  3.844223e-02  1.873485e-02  3.252633e-02\n",
      "    OUT  CONSTANT HEAD  0.000000e+00  0.000000e+00  3.547520e-03  1.187762e-03\n",
      "    OUT          WELLS  0.000000e+00  1.620000e-02  1.550000e-03  4.300000e-03\n",
      "    OUT  RIVER LEAKAGE  0.000000e+00  2.101684e-02  0.000000e+00  2.589272e-02\n",
      "    OUT       RECHARGE  0.000000e+00  0.000000e+00  0.000000e+00  0.000000e+00\n",
      "    OUT      TO ZONE 1  0.000000e+00  0.000000e+00  6.367169e-04  0.000000e+00\n",
      "    OUT      TO ZONE 2  1.310187e-02  0.000000e+00  0.000000e+00  1.146164e-03\n",
      "    OUT      TO ZONE 3  2.834849e-03  0.000000e+00  0.000000e+00  0.000000e+00\n",
      "    OUT      TO ZONE 4  0.000000e+00  1.225714e-03  1.300061e-02  0.000000e+00\n",
      "             Total OUT  1.593672e-02  3.844256e-02  1.873485e-02  3.252664e-02\n",
      "                IN-OUT -1.775334e-09 -3.316745e-07  2.037268e-10 -3.148925e-07\n",
      "         Percent Error -1.113989e-05 -8.627833e-04  1.087422e-06 -9.681111e-04\n"
     ]
    }
   ],
   "source": [
    "# Read the file in to see the contents\n",
    "try:\n",
    "    import pandas as pd\n",
    "    df = pd.read_csv(os.path.join(zbudpath, 'zbud_pandas.csv'))\n",
    "    df = df.fillna(0)\n",
    "    print(df.to_string(index=False))\n",
    "except:\n",
    "    with open(out_fname, 'r') as f:\n",
    "        for line in f.readlines():\n",
    "            print('\\t'.join(line.split(',')))"
   ]
  },
  {
   "cell_type": "code",
   "execution_count": null,
   "metadata": {
    "collapsed": true
   },
   "outputs": [],
   "source": []
  }
 ],
 "metadata": {
  "kernelspec": {
   "display_name": "Python 2",
   "language": "python",
   "name": "python2"
  },
  "language_info": {
   "codemirror_mode": {
    "name": "ipython",
    "version": 2
   },
   "file_extension": ".py",
   "mimetype": "text/x-python",
   "name": "python",
   "nbconvert_exporter": "python",
   "pygments_lexer": "ipython2",
   "version": "2.7.11"
  }
 },
 "nbformat": 4,
 "nbformat_minor": 0
}
