examples/data/mf6-freyberg/bot.asc
NCOLS 20
NROWS 40
XLLCENTER 125.0
YLLCENTER 125.0
CELLSIZE 250.0
NODATA_VALUE 0.0
17.0080 18.5070 18.6720 15.9300 13.9610 14.4620 8.0190 10.6000 8.8847 7.2274 6.2511 6.0061 7.1143 6.9039 6.2443 6.9450 6.9855 5.0310 4.0061 6.6584
19.1260 17.3450 18.2340 13.6600 13.2620 13.9220 10.6760 9.9167 11.0250 6.4094 4.8782 5.0843 6.5321 5.1773 5.7181 4.3329 5.8867 6.4356 5.2941 6.0503
17.4800 18.8600 18.2960 12.9860 13.7380 14.4010 9.2020 11.2080 8.3499 8.5742 5.9810 6.5199 6.2453 5.0066 7.1720 7.1635 4.5908 5.1325 5.0524 6.8011
17.9700 18.8970 19.3130 14.8620 13.3210 15.7680 11.4660 8.7568 12.3280 7.0550 3.0590 2.8243 2.2451 2.9858 3.1909 2.2319 7.7850 4.9555 6.3389 6.4755
18.9110 18.0450 16.9950 14.8810 15.2120 13.7540 8.6911 14.6350 10.0450 4.7893 3.1688 2.9762 2.5813 2.9683 2.3507 2.7028 3.5056 6.3335 4.7777 5.4066
15.9990 18.1780 16.6350 13.7390 13.6020 14.8050 15.1840 12.8150 14.2630 10.6730 3.4014 3.3428 2.9257 3.0238 3.2361 2.6949 2.6232 3.0085 6.0561 6.5184
15.9270 13.2420 15.2060 11.2130 14.4560 11.6310 15.1340 12.8350 14.0040 8.9364 3.4679 3.3814 2.9236 3.4947 3.5715 3.3131 3.9369 2.7150 4.5148 5.8774
19.6000 14.5430 14.0330 13.1860 15.3440 14.8300 14.5940 15.5070 14.8880 8.8195 3.4633 3.3105 4.0456 2.8153 2.8529 3.1951 2.6150 4.2689 3.4225 6.7451
18.4760 13.4330 12.3470 15.7410 0.0000 0.0000 0.0000 12.8750 8.8273 5.1087 4.1368 3.2677 2.8839 3.3258 3.4857 3.2112 3.0806 2.5045 3.5168 5.3489
19.6650 13.1170 15.5280 14.1310 0.0000 0.0000 0.0000 0.0000 10.3920 6.3652 3.0670 2.6610 3.0942 2.4251 3.5019 2.4368 3.3456 2.5427 3.8515 2.8273
17.5130 14.7590 13.0830 15.5170 0.0000 0.0000 0.0000 0.0000 10.5510 5.4486 3.1347 3.3698 3.0613 3.0557 3.0613 2.7351 3.0226 2.8656 2.8963 3.6134
12.2810 13.4760 14.6040 14.4960 0.0000 0.0000 0.0000 0.0000 9.7126 5.2610 2.5406 4.1927 3.0722 3.1407 2.6258 3.2426 3.5334 2.8549 2.5826 3.2925
14.1420 11.9620 13.8960 12.9130 0.0000 0.0000 0.0000 0.0000 8.6031 5.6522 1.7532 1.6521 1.4932 1.7338 1.6462 1.8513 3.2896 2.6617 3.7838 3.4377
14.9600 13.6690 11.6990 10.4230 0.0000 0.0000 0.0000 0.0000 9.4056 5.6336 1.6262 1.6896 1.2846 1.5438 1.8402 1.5956 3.7104 3.1993 3.2448 2.7462
12.8520 13.6610 10.5730 9.0339 0.0000 0.0000 0.0000 0.0000 9.2656 6.6003 1.0748 1.7295 1.4544 1.5198 1.1214 1.6756 4.3909 2.4590 2.0083 3.4206
14.4030 15.2130 10.4090 9.0355 0.0000 0.0000 0.0000 0.0000 10.1110 3.6992 1.4232 1.7499 1.6581 1.5920 1.6104 1.2725 4.1903 2.9122 3.1891 3.6998
13.1910 9.3046 9.2241 10.1770 0.0000 0.0000 0.0000 0.0000 8.0262 6.2127 1.3763 1.2943 1.4516 1.3079 1.1092 1.3149 2.9437 3.6516 3.2169 3.2411
13.7570 9.6697 6.9156 10.0920 0.0000 0.0000 0.0000 0.0000 10.8030 6.4464 1.3273 1.5796 1.1219 1.2769 1.5814 1.4652 1.6370 2.8829 2.4030 2.3025
13.6310 11.0510 6.0632 11.0890 0.0000 0.0000 0.0000 0.0000 9.6777 6.2188 1.7076 1.1244 1.2750 1.5545 1.4465 1.6284 1.5016 2.5399 1.7712 4.0115
14.2690 10.1430 3.9943 10.6450 0.0000 0.0000 0.0000 0.0000 10.3600 5.3413 1.1137 1.3405 1.4209 1.5649 2.2000 1.4498 1.5241 2.9436 3.1003 2.8790
12.2440 9.7607 7.8784 9.5028 0.0000 0.0000 0.0000 0.0000 8.7173 3.9539 1.8367 1.3385 0.9366 1.3960 1.7390 1.5907 1.5251 2.9159 3.8223 2.6267
14.7180 10.6950 4.7303 8.2807 0.0000 0.0000 10.1120 12.1560 5.9685 6.0099 1.1577 1.6447 1.8229 1.3292 1.3365 1.8093 1.3093 1.6470 2.4618 3.1563
12.0240 9.3289 5.4725 8.6354 8.4379 0.0000 10.1350 11.9270 5.9917 6.0854 1.2831 1.8849 1.1641 2.0084 1.3688 1.3880 1.2512 1.4895 1.6991 2.9707
13.8030 8.9535 7.1000 9.3852 11.0120 11.4100 10.4510 4.7665 7.0223 5.0816 1.4899 1.3294 1.6026 1.1729 1.4137 1.7779 1.0661 1.4885 2.9373 3.1760
14.2650 9.0847 5.2856 12.8130 11.1070 5.2416 5.7991 5.6034 6.7668 1.7813 0.6455 0.3463 0.3346 0.6104 0.2987 0.7599 2.2484 1.4189 2.8623 2.6629
14.8720 10.0490 10.5790 7.2766 6.5425 4.1703 6.1618 4.0361 3.4598 2.7051 0.4494 0.6372 0.5442 0.5619 0.4726 0.2460 1.1445 1.5841 3.8255 3.5807
13.4100 10.7420 9.4348 10.0490 6.5546 5.9833 4.5127 4.5002 2.7058 3.4134 0.3049 0.5416 0.4243 0.4677 0.3848 0.4794 1.7216 1.6441 1.3825 3.4871
13.7350 12.1270 9.4241 10.3060 7.1944 6.8039 5.4021 3.4308 2.7098 1.9810 0.8697 0.3391 0.4952 0.1862 0.2103 0.3799 1.3946 1.5522 1.5273 2.7037
15.0170 10.8970 10.4990 10.8340 6.6445 6.4540 5.4257 2.4875 2.6592 1.8435 0.1829 0.0424 0.7852 0.4404 0.6896 0.8463 1.4611 1.3011 1.6247 3.5610
14.1110 9.8787 8.0351 5.3384 6.2775 5.2240 5.5896 5.5891 2.6451 1.7568 0.9157 0.5693 0.2344 0.4442 0.0139 0.6347 0.4316 1.4960 1.7119 3.4404
11.2960 9.6566 7.7356 11.0200 4.5768 7.2037 7.3885 5.2052 2.7217 1.3624 0.3339 0.6942 0.6532 0.5919 0.4125 0.4952 0.7150 1.0985 1.6975 2.1805
12.5940 9.9103 10.7690 4.5977 5.6607 6.2810 5.7616 2.4491 3.4721 2.0608 0.6855 0.2534 0.9144 0.5435 0.5695 0.7501 0.2378 1.2186 1.1072 3.1487
0.0000 8.8675 10.9370 5.9463 6.7191 6.5623 5.4118 3.4439 2.3840 1.9104 0.5075 0.6844 0.1888 0.4654 0.7109 0.3407 0.1594 1.4753 1.0008 2.4790
0.0000 0.0000 10.9510 6.1613 6.3923 6.7709 2.9707 3.0016 3.1640 0.9274 0.1631 0.6601 0.2656 0.3331 0.6923 0.4834 0.6389 1.3737 1.6797 1.4661
0.0000 0.0000 0.0000 7.3548 5.1731 4.9708 5.2845 6.2087 3.1052 1.3327 0.8008 0.3992 0.4791 0.1835 0.5879 0.7434 0.8502 1.9328 1.8556 2.0022
0.0000 0.0000 0.0000 0.0000 4.2779 4.8438 5.5892 5.0886 3.2245 1.6683 0.6847 0.4031 0.5131 0.5307 0.2503 0.6330 0.6843 1.4369 1.6174 0.0000
0.0000 0.0000 0.0000 0.0000 5.8926 6.2475 7.1632 3.0387 2.2536 1.6464 0.3108 -0.2027 0.5490 1.0779 0.0649 0.4217 0.3124 1.7811 1.4466 0.0000
0.0000 0.0000 0.0000 0.0000 0.0000 6.5855 4.7402 1.7855 2.9122 1.6155 0.7083 0.4167 0.5610 0.4744 0.3715 0.3287 0.4958 1.4285 0.0000 0.0000
0.0000 0.0000 0.0000 0.0000 0.0000 5.1503 5.8960 2.3450 2.7254 1.4189 0.1220 0.4666 0.4944 0.1662 0.6749 0.6819 -0.0017 0.0000 0.0000 0.0000
0.0000 0.0000 0.0000 0.0000 0.0000 6.9138 4.5808 2.5275 2.6038 1.4444 0.5365 0.2253 0.5896 0.6079 0.5060 0.0000 0.0000 0.0000 0.0000 0.0000
