examples/data/mf6-freyberg/top.asc
NCOLS 20
NROWS 40
XLLCENTER 125.0
YLLCENTER 125.0
CELLSIZE 250.0
NODATA_VALUE 0.0
29.4679 29.3600 29.1207 28.7733 28.3558 27.8516 27.3152 26.7655 26.1675 25.5486 24.8736 24.1798 23.4365 22.7141 22.1149 22.1470 22.2310 22.2998 22.3471 22.3773
29.5029 29.3950 29.1446 28.7874 28.3939 27.8814 27.3224 26.7606 26.1446 25.4844 24.7976 24.1068 23.3536 22.5951 21.9000 22.0329 22.1629 22.2556 22.3107 22.3437
29.5738 29.4568 29.1984 28.8373 28.4479 27.9157 27.3338 26.7506 26.1032 25.3932 24.6655 23.9529 23.1777 22.4397 21.6809 21.8856 22.0528 22.1669 22.2369 22.2740
29.7045 29.5724 29.2934 28.9273 28.5252 27.9810 27.3502 26.7212 25.9896 25.1989 24.4620 23.7537 23.0169 22.2623 21.4552 21.6955 21.9037 22.0502 22.1297 22.1728
29.8819 29.7316 29.4482 29.0771 28.6211 28.0552 27.4233 26.6563 25.7905 24.9973 24.2675 23.5746 22.8236 22.0470 21.2302 21.5043 21.7287 21.8988 22.0003 22.0512
30.0788 29.9485 29.6576 29.2858 28.7766 28.1521 27.4024 26.5463 25.6514 24.7510 24.0156 23.3403 22.6100 21.8612 21.0109 21.3184 21.5678 21.7398 21.8566 21.9109
30.2641 30.1705 29.9203 29.5417 28.9317 28.2193 27.3942 26.3753 25.3572 24.4552 23.7657 23.0810 22.3951 21.6610 20.7755 21.1341 21.4006 21.5900 21.7048 21.7604
30.5107 30.4112 30.2023 29.8453 29.0824 28.2607 27.3774 25.9974 24.8591 24.0666 23.4406 22.7927 22.1525 21.4281 20.5501 20.9486 21.2278 21.4253 21.5439 21.5994
30.7800 30.7091 30.5733 30.4328 0.0000 0.0000 0.0000 25.0109 24.2038 23.6604 23.1053 22.5167 21.9320 21.2510 20.3447 20.8197 21.0807 21.2604 21.3789 21.4291
31.0329 30.9776 30.9035 30.8350 0.0000 0.0000 0.0000 0.0000 23.4821 23.1805 22.7487 22.2580 21.7166 21.1913 21.0118 20.8229 20.9389 21.0974 21.2095 21.2696
31.2446 31.2033 31.1606 31.1229 0.0000 0.0000 0.0000 0.0000 22.9586 22.7533 22.4125 21.9376 21.3633 20.7169 19.8926 20.4219 20.6966 20.8928 21.0196 21.0855
31.3672 31.3554 31.3313 31.3140 0.0000 0.0000 0.0000 0.0000 22.5463 22.3859 22.0665 21.6027 21.0384 20.3764 19.6331 20.1118 20.4594 20.6681 20.8196 20.8831
31.4337 31.4299 31.4199 31.4066 0.0000 0.0000 0.0000 0.0000 22.2517 22.0961 21.7662 21.3110 20.7737 20.1257 19.4149 19.8425 20.2104 20.4493 20.6032 20.6804
31.4501 31.4481 31.4361 31.4216 0.0000 0.0000 0.0000 0.0000 22.0316 21.8654 21.5529 21.1145 20.5486 19.8959 19.1865 19.6302 20.0002 20.2474 20.3916 20.4588
31.4080 31.4057 31.3910 31.3808 0.0000 0.0000 0.0000 0.0000 21.8666 21.6985 21.3734 20.9137 20.3751 19.7240 18.9509 19.4155 19.8013 20.0578 20.2036 20.2638
31.3078 31.3001 31.2898 31.2863 0.0000 0.0000 0.0000 0.0000 21.7590 21.5881 21.2396 20.7450 20.1957 19.5283 18.7299 19.2056 19.5952 19.8605 20.0106 20.0765
31.1550 31.1443 31.1332 31.1349 0.0000 0.0000 0.0000 0.0000 21.7209 21.5357 21.1495 20.6274 20.0445 19.3413 18.5002 18.9823 19.3844 19.6647 19.8198 19.8856
30.9618 30.9485 30.9268 30.9284 0.0000 0.0000 0.0000 0.0000 21.7732 21.5589 21.1632 20.5733 19.8953 19.1521 18.2727 18.7665 19.1675 19.4586 19.6273 19.7070
30.7104 30.6924 30.6693 30.6540 0.0000 0.0000 0.0000 0.0000 21.9347 21.6925 21.2561 20.5865 19.7724 18.9557 18.0532 18.5620 18.9777 19.2763 19.4496 19.5280
30.4064 30.3893 30.3541 30.3128 0.0000 0.0000 0.0000 0.0000 22.1960 21.9168 21.4040 20.6362 19.7100 18.7932 17.8231 18.3672 18.7876 19.0935 19.2814 19.3566
30.0740 30.0374 29.9706 29.9179 0.0000 0.0000 0.0000 0.0000 22.6094 22.2139 21.5983 20.7588 19.6721 18.5920 17.5945 18.1640 18.6037 18.9099 19.1047 19.1931
29.7033 29.6378 29.5474 29.4558 0.0000 0.0000 24.4701 24.0144 23.2386 22.5898 21.8280 20.8401 19.6118 18.4498 17.3660 17.9593 18.4391 18.7453 18.9319 19.0289
29.3103 29.2280 29.0875 28.8364 28.3314 0.0000 24.7932 24.3044 23.5913 22.8861 21.9998 20.9296 19.5816 18.2895 17.1477 17.7552 18.2569 18.6048 18.7897 18.8824
28.9468 28.8426 28.6508 28.3193 27.6730 26.5872 25.4529 24.6704 23.8975 23.1000 22.1186 20.9567 19.5528 18.1638 16.9189 17.5871 18.1062 18.4429 18.6478 18.7446
28.6005 28.4909 28.2850 27.9009 27.2529 26.4791 25.6899 24.9284 24.0725 23.1880 22.1955 20.9565 19.4865 18.0044 16.6920 17.3869 17.9612 18.3042 18.5158 18.6142
28.2770 28.1750 27.9555 27.5577 27.0176 26.4167 25.7344 25.0141 24.2137 23.3078 22.1882 20.8180 19.3577 17.8950 16.4772 17.2243 17.8237 18.1775 18.3985 18.5022
27.9916 27.8798 27.6697 27.3405 26.8805 26.3494 25.7719 25.0419 24.2356 23.4149 22.0457 20.5413 19.3147 17.8586 16.2375 17.0741 17.7004 18.0803 18.3046 18.4042
27.7348 27.6162 27.4340 27.1352 26.7672 26.3594 25.7994 24.9772 24.0951 23.1671 21.8350 20.4809 19.2232 17.7493 16.0085 16.9109 17.5897 17.9922 18.2116 18.3159
27.4867 27.3801 27.2089 26.9490 26.6685 26.3594 25.9177 24.9173 23.7655 22.9540 21.6870 20.2960 19.0952 17.5830 15.7857 16.7455 17.5035 17.9127 18.1326 18.2280
27.2659 27.1733 26.9982 26.7738 26.5477 26.3239 25.7956 24.7884 23.6624 22.6306 21.3745 20.0279 18.8725 17.4217 15.5584 16.5602 17.3754 17.8078 18.0255 18.1201
27.0992 26.9894 26.7944 26.5460 26.3146 26.0418 25.5067 24.4936 23.4583 22.4206 21.1382 19.8711 18.6805 17.3357 15.3213 16.3865 17.1958 17.6652 17.8731 17.9495
26.9855 26.7856 26.5277 26.2267 25.9753 25.6768 25.0787 24.1456 23.3126 22.2451 21.0996 19.7447 18.4381 17.1423 15.0914 16.1166 16.8945 17.3769 17.6306 17.7026
0.0000 26.5581 26.2421 25.8987 25.5629 25.1570 24.5664 24.1068 23.2378 21.9430 21.0280 19.7403 18.0513 16.4333 14.8729 15.6985 16.5013 17.0384 17.3343 17.4400
0.0000 0.0000 25.9003 25.5183 25.1175 24.6674 24.1454 23.6011 22.7846 21.9279 20.9036 19.5506 17.6990 16.0786 14.6397 15.5185 16.2272 16.7720 17.0695 17.2266
0.0000 0.0000 0.0000 25.0825 24.5310 24.0663 23.5984 23.1007 22.4714 21.6958 20.5893 19.0353 17.2143 15.8583 14.4106 15.3139 15.9899 16.5181 16.8330 17.0850
0.0000 0.0000 0.0000 0.0000 23.7381 23.3648 22.9378 22.4520 21.9098 21.1388 19.9832 18.6560 17.0354 15.5765 14.1908 15.1187 15.7983 16.2660 16.5142 0.0000
0.0000 0.0000 0.0000 0.0000 23.2295 22.5662 22.0596 21.5957 21.1462 20.4836 19.4587 18.3429 16.9059 15.3844 13.9596 14.9805 15.6024 16.0389 16.3466 0.0000
0.0000 0.0000 0.0000 0.0000 0.0000 21.2474 20.9537 20.6163 20.3183 19.7002 18.7647 17.8460 16.6769 15.2479 13.7210 14.8247 15.3862 15.8014 0.0000 0.0000
0.0000 0.0000 0.0000 0.0000 0.0000 20.0273 19.8268 19.5266 19.3028 18.5765 17.9346 17.1333 16.1436 14.9701 13.5055 14.6651 15.1257 0.0000 0.0000 0.0000
0.0000 0.0000 0.0000 0.0000 0.0000 18.9000 18.4000 18.1000 17.6000 17.1000 17.1000 16.0000 15.0000 14.5000 14.0000 0.0000 0.0000 0.0000 0.0000 0.0000
